1,207,47,171,96,176,310,4,69,155,144
2,8,462,171,37,140,407,371,330,345,219
3,457,28,183,100,357,294,117,370,444,11
4,371,50,366,343,47,455,97,111,150,178
5,406,399,91,62,293,177,235,125,226,233
6,140,87,272,161,85,248,34,2,346,377
7,24,162,441,467,304,5,220,411,174,171
8,285,34,234,53,405,196,236,217,27,74
9,100,237,453,104,264,93,470,363,16,252
10,455,459,100,237,442,5,15,323,115,304
11,373,70,289,98,105,308,202,60,134,318
12,64,256,302,244,353,377,188,355,75,326
13,166,102,421,419,277,271,152,482,79,4
14,127,106,331,183,123,246,395,223,403,281
15,308,307,269,223,166,113,26,210,329,239
16,254,444,92,278,60,132,201,189,379,373
17,233,335,74,463,69,436,248,371,59,31
18,383,228,379,232,279,76,427,174,480,223
19,181,231,22,347,314,265,16,373,472,177
20,482,393,434,240,234,183,111,380,312,422
21,495,287,427,209,490,58,174,317,23,472
22,359,91,155,188,27,265,198,276,30,429
23,138,195,276,106,123,180,186,347,58,467
24,338,315,32,454,265,384,375,140,235,400
25,496,5,315,187,177,280,84,247,460,193
26,472,323,103,334,272,217,311,202,388,408
27,83,258,5,257,459,487,220,17,228,76
28,46,252,200,162,237,293,17,54,245,235
29,283,1,251,344,230,439,465,57,369,355
30,400,217,97,272,445,365,467,412,346,89
31,204,278,152,483,218,30,145,402,486,135
32,287,372,429,487,479,113,101,456,106,375
33,189,451,278,265,443,137,257,19,12,344
34,401,119,94,463,412,197,357,130,154,470
35,283,324,17,75,179,26,464,306,291,442
36,353,92,495,277,387,397,219,220,492,395
37,88,23,35,21,455,234,338,377,224,98
38,75,232,30,368,167,221,454,155,264,288
39,67,166,1,413,108,284,142,416,125,168
40,472,312,460,87,343,16,120,172,119,68
41,17,384,421,100,379,201,483,212,335,25
42,419,217,296,155,182,251,279,68,450,156
43,77,317,413,499,353,304,485,302,234,305
44,197,343,255,321,401,476,73,389,184,64
45,121,126,220,35,138,441,395,295,150,215
46,22,186,74,308,188,101,496,42,237,336
47,171,443,105,57,385,187,282,455,241,387
48,293,466,372,370,153,331,202,139,161,464
49,357,461,374,24,141,369,445,295,470,195
50,92,455,333,494,60,436,395,49,439,318
51,41,474,84,281,72,393,427,198,165,127
52,110,50,81,28,170,278,447,140,131,179
53,483,356,62,382,74,428,285,112,107,343
54,240,207,289,191,182,83,479,167,176,275
55,73,167,429,277,202,300,373,40,457,59
56,306,143,460,499,496,491,208,283,148,343
57,147,158,208,289,151,496,90,113,182,168
58,241,151,121,209,24,133,189,211,430,164
59,263,429,164,433,389,180,11,423,195,293
60,275,468,100,404,345,225,75,343,378,82
61,151,457,51,106,116,245,212,363,328,339
62,95,206,294,11,405,93,407,94,116,353
63,1,128,242,318,120,182,75,69,236,375
64,319,392,374,147,95,102,303,179,290,453
65,39,143,352,89,494,411,464,456,0,270
66,393,413,48,103,125,472,360,53,320,99
67,337,207,81,446,200,356,417,342,483,477
68,39,234,307,423,359,290,146,168,455,353
69,326,162,31,167,115,217,351,270,10,227
70,431,0,20,131,393,384,168,355,208,219
71,395,177,280,112,36,306,30,343,215,421
72,71,463,80,289,376,113,200,478,84,177
73,499,214,374,465,28,491,448,386,460,471
74,34,303,175,384,338,351,55,401,37,83
75,491,247,61,202,100,214,432,12,44,227
76,80,356,26,351,287,87,3,201,295,214
77,402,396,439,325,324,193,375,463,374,434
78,34,333,496,141,483,350,110,332,439,106
79,185,17,293,472,388,30,255,66,208,73
80,61,372,192,446,41,50,437,173,95,310
81,106,266,339,181,235,14,153,376,458,221
82,104,27,297,467,137,406,338,300,74,115
83,306,406,255,387,401,257,270,206,292,466
84,491,338,3,64,92,395,143,185,46,462
85,10,61,317,453,273,222,287,411,118,63
86,353,123,286,220,277,346,273,10,158,347
87,46,192,357,427,317,233,303,177,417,351
88,263,489,422,256,46,312,14,442,122,394
89,394,451,389,125,289,41,137,357,430,483
90,302,335,76,217,306,219,141,46,428,40
91,160,308,55,4,185,106,7,471,162,194
92,280,117,329,51,124,304,48,379,199,320
93,195,278,132,222,325,455,477,201,123,396
94,492,57,259,413,494,63,221,486,332,152
95,229,460,450,97,303,160,52,92,336,207
96,348,351,306,473,290,72,389,36,478,314
97,329,107,208,225,467,187,476,52,267,127
98,256,58,30,208,94,113,159,102,315,16
99,375,101,1,435,264,136,210,76,288,79
100,476,322,129,280,353,334,121,149,342,206
101,308,446,63,437,277,98,375,218,56,85
102,154,236,207,498,352,99,499,20,155,427
103,448,140,474,99,168,92,179,410,298,105
104,1,215,298,185,216,230,237,337,369,249
105,19,171,494,448,68,416,418,309,69,290
106,417,386,479,496,42,210,276,200,27,286
107,43,142,466,277,71,108,234,444,402,300
108,325,469,305,317,353,135,50,423,452,282
109,303,61,78,354,48,238,247,126,49,148
110,320,257,167,424,286,300,301,229,322,59
111,34,481,21,173,144,325,211,5,420,357
112,417,459,25,329,256,480,82,103,43,452
113,87,187,37,98,481,288,152,434,485,189
114,156,197,36,182,329,478,168,261,138,320
115,186,345,51,426,356,390,205,22,180,357
116,497,462,356,144,418,408,24,60,57,498
117,302,172,50,203,479,115,71,321,61,484
118,357,433,410,103,324,132,45,485,419,55
119,442,456,343,388,291,293,434,193,488,189
120,241,448,418,305,76,240,67,243,465,213
121,446,21,449,52,220,486,36,332,405,98
122,366,250,437,95,362,267,383,140,452,122
123,71,188,267,97,72,411,125,174,480,348
124,314,36,139,461,244,67,332,422,460,78
125,19,421,305,259,254,270,15,164,250,193
126,44,38,132,153,267,249,485,67,29,334
127,388,390,487,398,15,406,104,391,128,317
128,495,127,435,447,283,123,308,191,247,315
129,342,497,21,335,429,305,153,369,320,352
130,45,462,349,133,468,52,281,319,420,24
131,430,90,244,180,44,101,114,308,369,288
132,121,88,208,284,32,87,181,273,250,245
133,491,265,277,308,389,359,72,267,24,230
134,213,235,50,65,435,171,140,82,324,72
135,222,379,0,58,295,344,419,384,359,425
136,491,307,12,48,176,183,21,72,321,208
137,285,101,105,205,461,430,16,293,61,155
138,90,476,190,202,280,376,213,319,210,238
139,350,379,473,66,492,256,207,333,18,85
140,255,250,453,39,405,1,159,431,465,484
141,14,15,297,290,346,103,453,318,236,375
142,135,178,304,272,286,298,371,424,362,140
143,110,162,375,15,66,176,430,185,338,481
144,342,32,235,218,95,184,158,59,395,303
145,370,41,355,124,111,449,308,248,490,285
146,265,188,424,471,57,392,196,157,332,118
147,475,345,399,44,407,449,300,286,371,292
148,285,326,286,396,153,238,107,470,64,171
149,135,73,265,161,399,209,47,317,431,498
150,165,63,2,118,37,247,256,125,284,153
151,107,117,164,85,292,470,477,369,275,344
152,192,160,18,454,215,138,440,285,88,450
153,489,315,204,74,427,197,389,56,264,112
154,387,164,471,112,226,154,219,1,16,374
155,439,202,270,338,149,173,277,93,300,269
156,37,280,335,190,71,290,391,184,371,241
157,141,452,340,390,182,380,193,259,419,280
158,308,476,155,191,86,286,37,299,346,442
159,44,295,433,243,180,464,320,362,461,231
160,205,89,469,387,364,43,381,94,212,423
161,175,412,221,257,419,235,92,392,452,10
162,297,265,84,440,478,143,211,179,22,125
163,30,384,157,255,152,205,472,359,235,409
164,292,422,3,164,473,1,315,437,263,233
165,332,166,303,304,186,454,359,31,131,369
166,473,264,198,418,304,225,187,394,339,183
167,308,21,114,24,343,18,354,107,292,290
168,141,268,290,164,33,361,381,469,292,282
169,242,135,447,467,451,248,391,482,64,86
170,34,97,144,60,152,326,427,280,335,470
171,389,306,258,233,29,69,418,365,301,158
172,238,269,263,22,182,244,472,247,274,131
173,178,421,196,202,129,320,429,366,233,300
174,346,234,477,157,382,202,422,423,360,393
175,368,168,470,132,275,399,157,231,312,413
176,185,452,285,96,309,490,288,127,415,403
177,189,417,282,233,357,401,389,405,232,145
178,354,328,233,187,456,407,103,226,42,311
179,1,259,377,228,423,303,290,161,484,391
180,491,285,136,390,298,32,232,413,228,342
181,240,36,93,92,416,103,482,10,173,163
182,90,237,480,416,115,292,467,439,219,102
183,173,495,331,475,208,442,131,420,434,112
184,427,67,286,429,387,469,13,243,183,356
185,427,24,42,179,232,196,106,152,448,169
186,145,423,112,32,28,13,150,89,267,144
187,200,3,59,411,451,55,225,395,336,489
188,300,60,352,486,270,243,414,175,147,384
189,198,432,274,93,214,227,219,87,110,447
190,376,29,244,407,113,230,198,170,370,162
191,403,365,364,98,323,420,161,334,303,353
192,206,45,368,210,446,321,392,209,39,146
193,267,497,436,386,237,78,171,193,284,228
194,170,71,45,179,124,22,338,496,292,122
195,442,468,404,388,87,272,443,115,381,117
196,461,241,310,177,117,395,290,133,293,140
197,184,219,297,92,242,438,420,380,393,109
198,14,206,362,496,250,236,117,125,207,299
199,124,298,162,49,335,113,261,339,82,276
200,311,121,442,456,458,85,465,241,251,111
201,189,390,402,452,335,240,123,322,49,131
202,304,400,181,493,411,38,268,294,207,36
203,484,392,400,24,184,266,416,301,455,4
204,218,268,13,420,262,478,99,248,377,183
205,122,121,162,289,483,331,182,229,480,279
206,45,351,134,53,397,126,162,228,11,221
207,340,466,173,333,135,262,41,145,424,235
208,444,412,420,488,13,375,204,17,466,84
209,410,159,459,255,161,393,454,85,148,429
210,204,61,497,378,473,298,450,425,360,314
211,277,420,385,221,447,148,367,212,470,403
212,292,66,237,133,374,453,131,456,101,134
213,339,57,294,190,415,214,255,409,250,266
214,422,349,263,499,338,395,391,426,8,114
215,200,418,473,181,469,471,482,346,44,424
216,182,52,5,31,266,123,168,417,208,117
217,304,179,278,95,146,366,237,469,34,176
218,73,299,90,311,465,34,429,436,97,320
219,33,71,444,431,2,348,351,227,172,161
220,388,293,348,87,459,199,103,105,187,135
221,384,75,417,181,433,127,228,265,271,261
222,243,360,29,351,281,419,76,14,94,420
223,56,122,146,310,175,178,232,383,10,148
224,227,415,92,351,338,393,218,472,41,118
225,441,153,245,235,157,479,309,403,375,146
226,345,319,149,340,280,271,454,207,122,75
227,37,120,177,406,432,196,213,236,294,427
228,376,166,259,460,264,365,168,0,41,91
229,84,418,279,161,39,251,10,206,495,17
230,384,119,176,348,463,307,169,285,131,223
231,192,115,441,459,422,7,362,451,25,40
232,453,159,372,488,251,199,188,412,324,396
233,250,233,348,63,331,180,15,54,362,345
234,324,104,281,416,369,110,377,392,441,18
235,146,408,474,167,140,44,410,433,471,361
236,109,335,25,487,240,137,481,319,56,161
237,288,424,228,8,310,76,240,94,349,152
238,437,260,489,270,377,203,29,483,143,381
239,490,30,185,318,259,309,305,421,4,312
240,452,481,220,131,355,316,40,27,278,419
241,184,392,232,151,384,494,179,94,350,153
242,32,103,294,396,107,156,323,390,344,229
243,322,439,177,419,122,106,75,56,445,453
244,329,11,195,375,17,23,51,369,98,0
245,306,312,464,299,453,435,343,137,456,32
246,346,311,448,273,345,175,347,120,312,472
247,7,499,239,193,6,233,483,127,147,433
248,215,375,247,106,168,494,433,61,347,339
249,139,315,181,428,144,169,484,245,411,324
250,499,437,398,360,208,390,441,328,4,155
251,443,333,370,241,442,272,265,449,301,163
252,469,44,471,370,14,183,212,93,7,391
253,416,24,199,323,245,204,413,50,306,9
254,304,80,440,70,379,434,198,226,82,42
255,190,244,375,0,94,223,395,304,105,358
256,137,366,64,470,200,133,87,201,198,92
257,200,339,205,336,405,476,96,480,328,81
258,263,341,202,463,219,128,43,53,25,392
259,470,66,388,498,423,324,352,130,238,164
260,201,121,344,140,280,320,313,33,368,336
261,463,42,408,265,466,440,480,295,96,352
262,21,201,251,93,467,262,189,299,368,411
263,37,469,396,215,184,452,263,149,356,152
264,179,231,269,345,151,243,219,381,212,300
265,476,252,421,442,326,277,143,450,90,435
266,305,166,414,436,356,400,247,437,317,226
267,483,485,115,368,490,202,444,168,223,146
268,448,254,81,358,221,250,416,120,206,408
269,32,419,344,415,159,116,64,63,449,276
270,484,334,74,140,495,313,172,476,461,238
271,135,235,295,163,405,166,423,264,242,476
272,183,174,389,371,105,431,328,148,343,309
273,429,186,6,196,128,368,461,216,209,430
274,46,497,395,69,349,5,76,236,452,499
275,132,29,163,203,88,305,50,193,329,441
276,74,93,459,247,444,244,104,234,473,481
277,276,416,102,130,345,483,92,443,106,279
278,282,43,261,145,288,488,495,7,329,203
279,386,193,304,494,419,356,84,364,88,423
280,452,303,464,175,86,227,61,456,193,50
281,191,488,243,129,420,339,165,485,394,128
282,18,457,495,155,110,294,4,92,129,342
283,23,276,14,320,48,440,314,303,348,94
284,295,145,176,340,1,0,484,466,136,238
285,153,485,60,397,157,426,279,351,265,343
286,357,323,207,50,255,485,144,96,305,162
287,295,404,123,483,111,485,70,246,453,93
288,138,178,447,360,373,144,310,40,99,410
289,472,182,64,207,452,51,285,17,492,134
290,84,183,176,331,369,426,488,120,395,325
291,482,391,349,216,94,417,27,114,330,97
292,234,367,497,426,272,468,145,256,491,469
293,99,146,385,255,292,184,103,91,191,495
294,393,325,459,401,191,484,426,48,175,362
295,467,363,116,453,218,473,394,214,55,107
296,279,245,338,458,473,390,488,214,491,212
297,168,456,451,397,493,259,320,427,112,494
298,283,434,307,186,49,125,364,320,422,299
299,47,191,292,381,449,404,157,214,468,37
300,224,141,469,133,353,74,321,480,291,8
301,199,355,151,57,123,393,188,443,222,376
302,91,117,140,124,450,405,221,217,475,412
303,179,36,105,370,17,109,442,231,257,223
304,482,341,286,456,152,124,265,292,21,319
305,408,475,154,488,59,87,184,248,405,330
306,479,420,187,433,241,135,122,444,165,149
307,386,24,424,283,140,299,433,227,197,8
308,317,422,451,69,210,322,6,96,274,94
309,269,411,97,381,424,134,321,380,187,312
310,346,24,149,127,315,307,415,310,198,353
311,45,378,181,71,391,219,184,457,322,68
312,235,281,20,324,161,498,335,482,445,32
313,491,67,37,279,369,468,246,193,51,461
314,436,94,180,78,126,427,262,407,394,492
315,393,356,498,368,370,232,199,302,428,327
316,53,100,405,48,96,80,304,287,47,63
317,184,44,127,401,230,333,146,68,175,343
318,101,29,156,483,115,225,94,263,403,429
319,227,376,488,156,14,477,390,225,313,244
320,470,287,46,414,141,97,499,424,458,233
321,163,251,166,108,52,145,96,298,237,459
322,451,413,478,162,371,314,315,386,89,301
323,204,41,226,144,445,353,88,454,271,455
324,129,497,138,381,378,270,17,162,62,369
325,429,297,267,167,61,213,348,368,128,65
326,53,359,487,378,445,345,250,49,455,282
327,53,472,153,343,169,179,85,456,50,310
328,137,56,85,227,76,461,485,193,64,119
329,493,225,250,8,169,12,52,438,35,422
330,329,106,362,182,493,30,225,411,371,397
331,22,387,330,369,394,359,354,162,340,326
332,149,293,419,373,182,424,415,297,230,362
333,445,437,111,440,298,366,336,71,143,473
334,325,462,332,10,469,349,224,492,72,219
335,244,432,379,111,156,398,341,338,229,303
336,116,359,80,61,193,29,230,271,463,72
337,251,438,17,455,448,459,263,485,240,220
338,260,328,127,233,203,40,386,91,243,277
339,122,217,355,154,248,421,397,465,349,158
340,167,46,25,421,339,50,183,337,21,443
341,333,337,13,230,277,430,207,420,232,410
342,391,460,265,224,159,261,351,473,459,167
343,214,317,87,35,175,109,245,28,448,419
344,210,143,119,231,138,160,411,137,296,345
345,143,233,215,458,173,384,112,328,197,272
346,469,186,148,456,54,182,431,223,237,75
347,485,210,459,470,294,383,355,155,113,225
348,154,430,38,128,348,189,443,107,332,75
349,83,112,81,355,308,117,141,221,354,235
350,339,257,290,370,286,82,131,412,312,129
351,151,429,280,248,401,97,140,290,77,134
352,267,79,443,24,345,131,296,256,211,48
353,477,251,2,41,325,491,116,133,150,91
354,456,70,167,453,77,14,289,7,362,102
355,318,374,345,76,430,422,107,40,222,185
356,232,477,266,360,170,441,145,357,38,61
357,430,484,249,247,404,104,204,334,361,448
358,278,344,142,104,287,238,93,328,494,352
359,237,369,42,51,442,90,185,100,388,249
360,201,143,484,20,312,292,295,173,99,196
361,479,130,339,312,254,331,237,259,69,204
362,43,434,392,398,306,377,143,194,11,270
363,467,180,200,443,487,164,371,165,194,75
364,396,260,493,80,499,146,389,67,211,450
365,487,416,239,97,190,465,391,495,330,341
366,123,425,495,262,352,450,144,272,388,269
367,57,447,456,152,103,85,117,209,452,267
368,297,498,76,350,301,167,413,230,234,485
369,101,416,422,153,481,491,217,401,277,222
370,243,206,359,207,248,143,165,16,155,276
371,112,20,176,225,405,122,289,67,340,135
372,366,414,425,193,54,138,114,258,108,157
373,187,496,252,173,352,197,417,323,354,231
374,142,464,394,374,181,88,409,180,110,159
375,436,174,6,141,226,115,3,420,280,486
376,19,256,431,174,14,460,160,211,98,190
377,171,252,181,286,333,434,327,87,242,224
378,162,449,257,346,301,161,5,413,49,111
379,129,371,448,362,39,95,252,4,7,40
380,93,222,418,53,416,160,196,431,36,251
381,466,195,357,49,471,260,151,385,67,264
382,194,399,5,205,381,134,158,263,467,431
383,94,373,453,135,121,434,119,152,39,298
384,494,342,426,377,235,315,348,458,78,442
385,10,334,76,464,265,485,439,225,78,43
386,246,286,347,403,12,212,17,74,352,125
387,432,358,270,141,1,410,373,224,74,331
388,372,368,310,179,452,288,169,208,342,371
389,338,159,322,358,189,386,0,248,41,99
390,170,485,372,39,414,103,61,95,331,478
391,142,114,16,367,108,342,53,127,182,155
392,488,322,255,55,423,79,272,149,445,64
393,476,73,305,445,259,488,408,55,227,254
394,31,293,134,192,408,387,285,391,76,318
395,26,160,414,128,346,355,3,478,385,13
396,484,228,149,178,36,133,18,420,134,241
397,269,348,457,232,410,139,157,432,433,292
398,321,359,397,137,317,462,58,327,100,246
399,83,166,453,7,24,56,191,294,353,369
400,25,127,171,257,255,270,316,52,146,281
401,139,95,263,106,215,240,396,238,264,292
402,359,222,474,251,140,214,389,467,203,413
403,164,163,260,294,242,99,139,14,134,298
404,455,245,13,147,40,255,44,104,198,118
405,239,167,237,228,65,95,20,99,389,66
406,162,157,201,14,25,362,124,360,497,50
407,65,449,175,271,58,202,178,123,472,331
408,431,441,73,294,268,111,34,425,183,366
409,465,143,216,342,263,445,117,243,48,98
410,270,123,58,367,210,69,397,96,395,344
411,479,241,231,43,245,401,115,302,17,315
412,280,6,377,199,210,497,287,156,162,271
413,444,363,418,218,429,188,255,404,362,140
414,117,463,87,228,274,377,53,254,7,413
415,216,14,138,276,295,198,126,229,101,397
416,189,146,241,197,193,466,95,151,35,34
417,85,178,309,58,344,375,230,16,402,416
418,221,113,10,431,380,267,322,304,179,109
419,421,250,451,334,28,182,324,471,332,131
420,353,301,325,263,452,180,221,15,183,197
421,166,133,60,350,441,334,375,61,285,216
422,171,287,352,91,407,293,456,42,383,229
423,97,437,0,353,299,407,24,305,128,385
424,36,19,430,376,447,455,448,179,267,251
425,74,362,80,145,121,343,99,381,405,476
426,475,383,429,278,354,259,220,83,81,340
427,482,84,265,113,497,258,3,461,257,499
428,142,377,295,229,342,183,329,4,334,440
429,31,228,353,157,498,395,277,72,122,59
430,321,53,374,404,381,383,68,265,438,215
431,439,9,0,239,336,216,362,334,203,26
432,287,79,417,447,148,325,23,285,27,230
433,203,349,482,379,266,181,351,296,158,65
434,391,126,332,310,404,409,450,498,18,392
435,158,214,57,145,140,39,73,130,263,336
436,447,484,136,240,186,67,43,485,64,130
437,187,435,234,488,410,137,437,291,389,97
438,65,177,434,91,144,484,444,247,420,85
439,155,51,292,97,403,192,170,140,383,107
440,464,350,263,458,48,31,136,432,315,393
441,179,2,382,407,389,157,73,475,87,318
442,401,398,42,397,242,313,173,425,116,432
443,155,410,255,372,139,365,9,301,52,40
444,279,177,138,318,55,386,319,348,14,67
445,405,312,112,131,182,62,379,122,2,432
446,464,166,119,398,447,379,47,285,11,55
447,70,397,488,381,315,57,481,129,96,252
448,414,191,486,55,428,85,395,134,242,105
449,467,19,194,104,404,213,205,40,201,203
450,232,387,9,458,86,441,47,112,463,222
451,255,160,33,8,307,495,315,357,421,433
452,475,102,179,206,273,283,233,25,169,57
453,138,320,131,125,310,233,318,428,43,385
454,456,369,356,384,432,367,91,100,197,188
455,453,26,138,86,59,337,40,411,101,228
456,358,254,471,169,198,114,189,295,142,420
457,363,223,405,241,430,428,155,438,406,184
458,175,240,371,48,188,39,127,9,409,337
459,412,160,240,215,182,465,178,70,33,58
460,162,299,419,87,165,406,436,59,15,331
461,42,420,62,36,295,480,322,454,451,495
462,483,396,403,35,463,82,262,218,439,297
463,167,21,20,360,330,230,444,34,133,193
464,246,53,272,327,189,276,475,242,477,52
465,260,42,18,64,71,159,116,433,418,123
466,73,49,382,78,457,398,208,374,256,442
467,359,247,170,177,115,188,374,148,390,318
468,82,208,4,283,300,20,289,365,36,264
469,173,22,227,69,386,56,451,31,340,486
470,207,446,92,498,27,384,132,267,43,125
471,17,221,445,197,77,82,138,106,384,294
472,23,85,232,101,97,136,212,31,482,58
473,119,55,445,263,316,382,373,44,397,15
474,19,380,39,391,25,53,370,402,222,57
475,75,252,219,117,125,347,308,298,320,312
476,338,384,399,305,237,380,132,429,270,72
477,381,358,144,377,131,291,189,145,163,52
478,314,442,53,479,152,486,167,43,18,322
479,165,344,306,387,447,223,489,474,497,433
480,475,173,442,31,177,466,267,128,350,108
481,491,175,150,86,278,56,110,197,121,130
482,222,342,330,324,8,90,320,358,498,422
483,406,38,351,247,162,425,407,263,429,365
484,459,450,254,86,259,267,264,452,0,55
485,367,313,101,379,138,440,395,357,370,497
486,13,36,125,236,381,291,286,392,420,131
487,207,417,230,428,259,47,371,193,386,298
488,357,10,272,114,444,481,463,267,83,485
489,40,244,123,128,294,138,349,22,387,296
490,187,216,37,286,162,320,350,413,406,344
491,480,195,283,488,429,382,179,319,270,367
492,135,31,419,345,278,408,167,91,402,498
493,14,455,476,306,412,483,418,468,290,27
494,293,448,322,155,198,220,100,145,37,382
495,301,364,473,338,216,126,88,373,442,352
496,97,356,148,172,211,337,262,467,314,77
497,330,102,49,442,274,182,111,206,8,107
498,302,445,98,187,70,390,181,148,278,239
499,470,17,246,397,76,117,457,436,110,109
500,124,64,335,162,89,374,471,155,384,379
501,63,325,254,440,128,79,252,349,276,106
502,94,399,129,101,276,12,191,266,472,208
503,366,491,479,249,261,126,263,21,35,356
504,121,7,127,23,158,413,486,196,496,494
505,103,410,1,178,493,158,202,270,3,386
506,303,185,211,399,323,9,361,85,284,180
507,362,189,148,321,435,264,401,239,96,226
508,276,384,231,166,381,487,464,144,484,298
509,286,278,375,274,87,144,408,325,445,466
510,287,322,23,200,136,489,412,182,277,270
511,146,206,23,344,427,121,218,277,439,177
512,209,255,252,57,455,299,120,467,296,424
513,22,139,262,478,287,121,164,260,40,486
514,445,404,66,263,281,9,8,117,110,168
515,84,407,31,134,376,391,487,246,362,138
516,251,50,258,171,383,342,495,19,164,266
517,155,115,114,108,25,385,204,92,443,360
518,199,306,362,354,32,499,62,373,322,395
519,187,493,256,169,311,436,446,88,121,154
520,425,421,268,78,324,204,429,111,316,188
521,326,206,401,214,426,400,332,386,136,306
522,91,55,8,470,43,386,287,109,396,492
523,314,37,213,339,404,317,240,448,397,195
524,157,227,109,90,15,217,5,173,478,401
525,258,34,169,151,41,345,281,200,472,134
526,137,251,433,397,351,358,456,385,182,291
527,480,471,231,2,476,52,291,105,487,44
528,458,16,257,460,248,127,471,207,384,62
529,287,377,75,234,265,352,53,16,423,34
530,275,488,477,341,418,345,291,215,159,326
531,233,208,166,10,86,203,183,404,8,216
532,341,427,195,141,310,344,481,121,202,484
533,207,117,434,261,112,109,218,173,302,134
534,273,336,122,10,139,304,131,427,133,407
535,56,149,334,130,245,359,342,317,137,371
536,72,351,238,353,85,235,356,140,441,308
537,344,206,351,118,473,375,273,220,248,420
538,10,360,297,443,451,333,404,397,321,481
539,340,447,42,274,234,27,316,158,121,244
540,271,26,398,217,62,425,269,61,183,111
541,452,161,404,126,24,131,14,64,56,13
542,44,340,248,231,201,270,139,56,145,389
543,290,429,10,324,231,441,409,213,398,203
544,280,412,52,11,12,186,467,271,254,111
545,215,277,443,441,385,168,415,137,311,369
546,461,117,470,348,38,377,336,365,264,233
547,342,426,72,353,403,152,324,191,161,320
548,75,294,152,278,220,135,435,270,25,231
549,303,468,16,325,107,49,123,275,337,119
550,451,340,81,66,47,299,357,203,118,444
551,378,7,406,377,185,316,141,72,485,328
552,82,361,150,354,365,349,380,36,362,196
553,399,384,102,498,276,280,244,487,111,379
554,237,327,390,166,434,258,357,136,260,352
555,35,365,165,61,137,21,60,351,287,181
556,51,272,440,434,398,425,81,285,388,396
557,439,424,77,463,441,198,90,24,333,242
558,195,241,467,91,213,16,342,248,252,259
559,10,349,33,21,146,65,123,259,325,250
560,21,215,450,35,361,462,356,302,237,332
561,267,262,396,81,494,249,344,181,445,92
562,441,167,221,396,327,388,151,339,238,301
563,249,232,14,175,239,182,361,87,420,106
564,204,136,13,368,488,366,449,153,178,429
565,275,310,282,191,32,161,286,412,266,372
566,31,108,288,276,178,362,356,205,462,18
567,405,302,419,244,213,404,243,198,328,45
568,61,24,129,63,461,247,402,353,242,211
569,371,110,247,263,41,326,47,242,238,460
570,240,167,188,208,300,383,391,293,216,315
571,66,448,360,246,474,88,366,284,175,108
572,395,206,304,448,52,45,385,432,100,62
573,67,449,109,376,65,468,268,194,59,36
574,114,134,54,222,25,435,397,55,347,312
575,60,165,351,455,294,335,106,317,439,22
576,213,411,215,192,209,42,181,247,330,123
577,478,315,139,58,89,195,232,379,250,338
578,482,158,175,242,194,75,433,434,105,227
579,488,28,17,389,403,116,279,414,470,333
580,211,327,356,236,134,145,474,118,255,274
581,128,439,150,2,58,66,352,47,496,166
582,486,205,316,463,334,387,164,206,437,399
583,214,316,14,241,427,258,9,297,364,279
584,401,432,419,379,282,264,208,4,323,41
585,337,482,19,240,165,30,272,64,389,204
586,173,386,384,250,410,276,143,69,47,457
587,309,316,181,375,308,144,391,31,244,17
588,475,298,20,87,61,351,464,408,437,401
589,382,39,85,117,414,165,17,230,457,325
590,410,210,37,190,208,183,87,358,267,396
591,390,289,366,230,345,444,167,254,404,248
592,325,109,457,240,310,58,238,151,409,420
593,20,187,112,132,354,116,83,491,170,284
594,335,107,296,442,380,186,137,400,486,173
595,428,482,96,426,436,190,151,339,10,41
596,262,259,35,4,124,123,298,318,183,215
597,41,375,193,353,286,496,121,195,182,117
598,12,420,178,79,20,397,13,415,469,205
599,229,344,408,346,421,26,262,56,89,91
600,2,417,298,189,111,172,17,32,59,134
601,393,296,153,310,173,219,154,100,466,280
602,262,0,224,479,282,218,130,24,443,254
603,494,380,457,47,143,356,197,412,360,288
604,115,384,0,230,273,396,445,139,381,251
605,146,137,278,266,367,486,190,44,112,340
606,55,87,427,398,222,419,311,407,382,63
607,378,208,412,312,313,116,85,192,74,42
608,136,237,81,474,370,423,420,231,429,360
609,184,215,17,62,345,436,127,433,385,210
610,342,272,126,140,372,298,66,226,114,394
611,298,54,94,4,401,169,125,442,89,24
612,137,30,225,207,480,391,248,440,146,151
613,466,288,87,482,296,74,252,410,164,452
614,149,477,377,479,89,429,258,141,326,344
615,314,416,362,368,54,474,287,315,439,390
616,34,40,442,315,147,481,432,178,48,67
617,156,202,152,213,478,81,217,158,257,271
618,190,370,10,472,375,288,191,98,261,463