Round,TrainLoss,TrainAcc,TestLoss,TestAcc
0,4.10801026,0.0330,4.10813339,0.0381
1,4.09425454,0.0430,4.09322746,0.0270
2,4.07745652,0.0480,4.07488261,0.0244
3,4.05443402,0.0430,4.05598765,0.0297
4,4.02570057,0.0460,4.02780064,0.0177
5,4.00512782,0.0420,4.00324381,0.0177
6,3.99419734,0.0560,3.98046402,0.0246
7,3.91315676,0.0650,3.96318366,0.0177
8,3.95610706,0.0470,3.94575430,0.0177
9,3.94029164,0.0380,3.92239376,0.0177
10,3.88467357,0.0540,3.90025331,0.0270
11,3.91432872,0.0460,3.88805156,0.0244
12,3.88651703,0.0450,3.87490180,0.0244
13,3.89204572,0.0450,3.87195866,0.0244
14,3.87581579,0.0600,3.85273410,0.0244
15,3.82160018,0.0700,3.85282080,0.0244
16,3.86846052,0.0540,3.84892734,0.0244
17,3.83792924,0.0550,3.85388134,0.0269
18,3.83482661,0.0690,3.84248831,0.0269
19,3.85358640,0.0420,3.83547170,0.0304
20,3.87741581,0.0500,3.83561374,0.0244
21,3.81160742,0.0580,3.83164603,0.0244
22,3.85093368,0.0620,3.82650574,0.0244
23,3.82563929,0.0360,3.80013163,0.0244
24,3.83752533,0.0460,3.80417459,0.0317
25,3.79154256,0.0620,3.78376290,0.0269
26,3.81071845,0.0560,3.78557726,0.0212
27,3.79757971,0.0570,3.79178825,0.0211
28,3.80797862,0.0500,3.79419916,0.0244
29,3.81019226,0.0440,3.79252203,0.0323
30,3.84809715,0.0570,3.80036814,0.0269
31,3.74681473,0.0540,3.78501231,0.0244
32,3.80804251,0.0560,3.78558158,0.0244
33,3.79887721,0.0480,3.78790634,0.0244
34,3.78821281,0.0500,3.78707419,0.0244
35,3.78625404,0.0500,3.78802049,0.0244
36,3.87811323,0.0360,3.79120103,0.0244
37,3.81703057,0.0450,3.79307248,0.0244
38,3.80649471,0.0500,3.79186922,0.0244
39,3.83483402,0.0520,3.79150312,0.0244
40,3.82015088,0.0360,3.78712263,0.0274
41,3.74948749,0.0460,3.78692476,0.0308
42,3.78755193,0.0440,3.77529383,0.0244
43,3.79512568,0.0560,3.77111721,0.0269
44,3.76127106,0.0530,3.77181524,0.0269
45,3.83738360,0.0390,3.77438810,0.0269
46,3.80356824,0.0670,3.78698175,0.0269
47,3.74864495,0.0450,3.78802697,0.0388
48,3.78646443,0.0580,3.77716837,0.0244
49,3.81073396,0.0390,3.76603249,0.0269
50,3.76631985,0.0540,3.77340956,0.0294
51,3.79599022,0.0410,3.77332685,0.0244
52,3.79759699,0.0610,3.78526088,0.0244
53,3.73634994,0.0620,3.78500560,0.0244
54,3.77209027,0.0460,3.77997195,0.0269
55,3.77540082,0.0540,3.77412501,0.0269
56,3.72040448,0.0750,3.79119379,0.0269
57,3.78797824,0.0600,3.78873951,0.0269
58,3.79817968,0.0590,3.78532240,0.0244
59,3.77274796,0.0690,3.78866760,0.0283
60,3.78754731,0.0460,3.78386463,0.0399
61,3.76089182,0.0510,3.78403541,0.0269
62,3.73703295,0.0700,3.77788976,0.0269
63,3.75657807,0.0520,3.78262363,0.0244
64,3.78336263,0.0510,3.76745050,0.0244
65,3.83829647,0.0520,3.76671134,0.0244
66,3.78567565,0.0580,3.77205758,0.0244
67,3.84295261,0.0480,3.77312753,0.0257
68,3.77675879,0.0500,3.78425815,0.0270
69,3.74426364,0.0610,3.76746745,0.0288
70,3.77320840,0.0530,3.75774284,0.0272
71,3.70003788,0.0640,3.76827332,0.0343
72,3.77277056,0.0460,3.76469404,0.0244
73,3.73772769,0.0540,3.76079719,0.0244
74,3.81571137,0.0580,3.76036946,0.0366
75,3.75679460,0.0550,3.76682818,0.0244
76,3.75790800,0.0700,3.77725012,0.0244
77,3.83973022,0.0440,3.78212283,0.0334
78,3.78127563,0.0380,3.77054005,0.0269
79,3.71120289,0.0570,3.78092622,0.0269
80,3.77001917,0.0560,3.77395663,0.0269
81,3.73923007,0.0640,3.78839638,0.0269
82,3.77193801,0.0450,3.76543571,0.0269
83,3.73405976,0.0670,3.76806482,0.0244
84,3.77341388,0.0540,3.76194837,0.0275
85,3.72358090,0.0630,3.76977215,0.0287
86,3.71903703,0.0620,3.77330382,0.0270
87,3.79680887,0.0550,3.77302818,0.0269
88,3.75408968,0.0640,3.77515563,0.0269
89,3.78773091,0.0590,3.76404499,0.0269
90,3.77071286,0.0650,3.76566962,0.0358
91,3.78367546,0.0450,3.76478000,0.0312
92,3.80515865,0.0490,3.77669430,0.0244
93,3.75610655,0.0540,3.76831085,0.0244
94,3.74650411,0.0660,3.77419671,0.0244
95,3.73510769,0.0640,3.77231856,0.0244
96,3.78522671,0.0660,3.77362547,0.0448
97,3.67580005,0.0680,3.77752798,0.0244
98,3.74469854,0.0560,3.78503930,0.0244
99,3.73575805,0.0490,3.76974374,0.0397
100,3.74302771,0.0540,3.76019770,0.0244
101,3.69833495,0.0650,3.76062104,0.0429
102,3.74537789,0.0630,3.76198859,0.0244
103,3.74188057,0.0590,3.76939166,0.0244
104,3.74318390,0.0550,3.75860457,0.0244
105,3.69688546,0.0830,3.77084038,0.0244
106,3.81963141,0.0700,3.77118245,0.0244
107,3.68840176,0.0690,3.77134172,0.0244
108,3.80444347,0.0470,3.76011735,0.0349
109,3.76907918,0.0600,3.76040539,0.0281
110,3.73170301,0.0490,3.75653135,0.0278
111,3.74211279,0.0750,3.75472570,0.0346
112,3.78673110,0.0560,3.75210760,0.0300
113,3.74057825,0.0680,3.75310821,0.0445
114,3.75353469,0.0590,3.74973205,0.0283
115,3.68557787,0.0560,3.75445630,0.0244
116,3.73260340,0.0520,3.74759113,0.0325
117,3.76178094,0.0600,3.73973878,0.0317
118,3.67153933,0.0670,3.73836416,0.0436
119,3.71124257,0.0690,3.74606138,0.0244
120,3.75708746,0.0530,3.73948045,0.0244
121,3.71529968,0.0630,3.74436470,0.0288
122,3.75180984,0.0640,3.75281188,0.0263
123,3.71141201,0.0670,3.75889925,0.0448
124,3.71481589,0.0560,3.75001748,0.0244
125,3.77720081,0.0510,3.74684576,0.0439
126,3.79256187,0.0590,3.73586319,0.0276
127,3.68954463,0.0650,3.73830198,0.0270
128,3.68086667,0.0710,3.74471134,0.0450
129,3.73130200,0.0640,3.73967823,0.0244
130,3.76968939,0.0600,3.74093878,0.0274
131,3.70199635,0.0580,3.73684671,0.0292
132,3.68712707,0.0690,3.73843410,0.0386
133,3.67609279,0.0570,3.74428993,0.0295
134,3.75328093,0.0630,3.73517103,0.0522
135,3.71101304,0.0560,3.73744000,0.0328
136,3.68025921,0.0730,3.73898145,0.0444
137,3.71195647,0.0490,3.74607885,0.0277
138,3.75718780,0.0660,3.74533690,0.0386
139,3.72878839,0.0570,3.73378208,0.0343
140,3.71545099,0.0520,3.73416273,0.0288
141,3.66731298,0.0720,3.74934022,0.0273
142,3.70861043,0.0650,3.74989185,0.0248
143,3.65685682,0.0650,3.74203827,0.0420
144,3.64431200,0.0650,3.74418299,0.0301
145,3.66999503,0.0650,3.73585033,0.0248
146,3.70514275,0.0720,3.73780527,0.0312
147,3.70558136,0.0550,3.74240804,0.0244
148,3.68856422,0.0780,3.74041196,0.0356
149,3.64475023,0.0740,3.74139559,0.0420
150,3.73234326,0.0860,3.73623740,0.0374
151,3.65178664,0.0850,3.75201138,0.0244
152,3.67261867,0.0640,3.74893302,0.0292
153,3.64026476,0.0830,3.73855036,0.0244
154,3.65720372,0.0640,3.72929076,0.0468
155,3.72124385,0.0630,3.72885322,0.0280
156,3.66916892,0.0700,3.72156745,0.0341
157,3.68198828,0.0730,3.72544971,0.0439
158,3.69999021,0.0750,3.71952058,0.0570
159,3.70359357,0.0580,3.71691522,0.0266
160,3.65874478,0.0730,3.70569319,0.0254
161,3.67089532,0.0720,3.70188991,0.0252
162,3.73142371,0.0590,3.68237044,0.0877
163,3.65881501,0.0930,3.69228214,0.0491
164,3.70400214,0.0690,3.69927353,0.0281
165,3.68379606,0.0810,3.70926479,0.0445
166,3.68739381,0.0670,3.70541667,0.0252
167,3.67374588,0.0840,3.70011648,0.0244
168,3.66757705,0.0770,3.70822449,0.0244
169,3.68529068,0.0730,3.70950161,0.0452
170,3.70290174,0.0600,3.69508360,0.0314
171,3.74849438,0.0590,3.68218739,0.0331
172,3.63575615,0.0890,3.68459414,0.0309
173,3.70978972,0.0680,3.68850007,0.0328
174,3.68652280,0.0870,3.69152731,0.0391
175,3.65020631,0.0900,3.70212723,0.0417
176,3.69445906,0.0670,3.68680770,0.0294
177,3.61442760,0.0780,3.69081722,0.0273
178,3.67962158,0.0760,3.68168619,0.0301
179,3.60625421,0.0850,3.69621924,0.0337
180,3.62437891,0.0730,3.69948846,0.0399
181,3.64565302,0.0790,3.69175567,0.0312
182,3.63488919,0.0850,3.68733977,0.0478
183,3.61450921,0.0810,3.70486586,0.0405
184,3.65540757,0.0800,3.68652844,0.0558
185,3.63509833,0.0920,3.67343918,0.0745
186,3.65164504,0.0800,3.66790902,0.0510
187,3.63281563,0.0850,3.66989550,0.0728
188,3.71270089,0.0750,3.66201240,0.0768
189,3.63299201,0.0840,3.67774765,0.0447
190,3.64800876,0.0940,3.65962422,0.0723
191,3.64015402,0.0860,3.66436789,0.0356
192,3.62306201,0.0860,3.66330041,0.0390
193,3.60305303,0.0860,3.66686974,0.0593
194,3.70788688,0.0760,3.64702911,0.0458
195,3.62273576,0.0880,3.64262375,0.0458
196,3.61092805,0.0840,3.63884903,0.0413
197,3.64915906,0.0650,3.64421721,0.0425
198,3.57074121,0.1000,3.66353042,0.0375
199,3.57766861,0.0920,3.64205520,0.0529
200,3.66977504,0.0760,3.63935049,0.0542
201,3.65283051,0.0910,3.63088031,0.0661
202,3.64676387,0.1010,3.62537812,0.0520
203,3.61513078,0.0910,3.61622616,0.1091
204,3.61758444,0.0900,3.62856199,0.0558
205,3.57232179,0.0830,3.61957281,0.0538
206,3.63627544,0.0880,3.61491491,0.0544
207,3.59070964,0.0960,3.62175312,0.0622
208,3.55567085,0.0940,3.59934592,0.0937
209,3.64046550,0.1100,3.61614262,0.0530
210,3.66296765,0.1080,3.61074257,0.0767
211,3.55521745,0.0950,3.59642983,0.0863
212,3.55323342,0.1090,3.58417363,0.1074
213,3.60278289,0.1010,3.57800397,0.1184
214,3.55329107,0.1050,3.58471803,0.0922
215,3.63511112,0.1070,3.57488783,0.0930
216,3.49809070,0.1070,3.59215204,0.0720
217,3.54046861,0.0880,3.58823432,0.0815
218,3.52519416,0.1130,3.58618578,0.0893
219,3.51716367,0.1040,3.58182633,0.0873
220,3.53340009,0.1060,3.56081487,0.0919
221,3.55059847,0.1140,3.55366165,0.1240
222,3.47912585,0.1290,3.57571514,0.0714
223,3.46031400,0.1170,3.55596060,0.0967
224,3.48964979,0.1300,3.53950069,0.1164
225,3.53473945,0.1200,3.53186256,0.1263
226,3.46610334,0.1250,3.52213517,0.1202
227,3.49912677,0.1410,3.52210840,0.1093
228,3.50654449,0.1250,3.52281640,0.1356
229,3.51966197,0.1160,3.52230696,0.1383
230,3.44257047,0.1270,3.54518796,0.1003
231,3.43660244,0.1180,3.51144820,0.1245
232,3.40788784,0.1290,3.52364456,0.0994
233,3.44529399,0.1470,3.50548938,0.1126
234,3.48497551,0.1200,3.48935032,0.1325
235,3.43928363,0.1290,3.48265352,0.1662
236,3.45167127,0.1310,3.50223279,0.1457
237,3.54188767,0.1220,3.46978486,0.1812
238,3.43353529,0.1300,3.46256094,0.1681
239,3.35298729,0.1640,3.49300512,0.1224
240,3.43643713,0.1330,3.43200908,0.1886
241,3.41309639,0.1500,3.45231285,0.1737
242,3.46307716,0.1220,3.43794294,0.1795
243,3.42112812,0.1580,3.42525728,0.1722
244,3.38645152,0.1150,3.41149878,0.1649
245,3.37398680,0.1430,3.39508758,0.1880
246,3.31288659,0.1530,3.41794112,0.1585
247,3.41209245,0.1630,3.38613516,0.1863
248,3.38220233,0.1520,3.37651837,0.1859
249,3.34551391,0.1560,3.39217669,0.1846
250,3.37058362,0.1610,3.36450311,0.1941
251,3.41183061,0.1450,3.36752364,0.1932
252,3.34494801,0.1540,3.36720532,0.1765
253,3.25945469,0.1790,3.38093651,0.1610
254,3.35099113,0.1470,3.35787145,0.1835
255,3.29750929,0.1890,3.37181392,0.1758
256,3.27511293,0.1700,3.34241345,0.2049
257,3.32544449,0.1840,3.33203543,0.1853
258,3.30099575,0.1570,3.32066230,0.2352
259,3.29845801,0.1830,3.32338854,0.2102
260,3.17967651,0.1770,3.31842513,0.1963
261,3.29494966,0.1650,3.28102313,0.2380
262,3.28025986,0.1740,3.28143704,0.2265
263,3.24238899,0.1940,3.27933180,0.2120
264,3.31267753,0.1590,3.26885140,0.2259
265,3.23369154,0.1710,3.28149261,0.2113
266,3.23109562,0.1840,3.27273729,0.2091
267,3.29551834,0.1730,3.24948328,0.2235
268,3.22063081,0.1670,3.22642624,0.2371
269,3.21450556,0.1990,3.21402539,0.2572
270,3.21117292,0.1870,3.22984838,0.2536
271,3.14757381,0.2160,3.24638553,0.2148
272,3.14993347,0.2000,3.21610583,0.2380
273,3.14351398,0.2130,3.19211663,0.2450
274,3.13926205,0.2190,3.23622815,0.2066
275,3.23138380,0.1850,3.16362671,0.2660
276,3.12629003,0.2080,3.24865511,0.2071
277,3.15715332,0.2070,3.18531343,0.2462
278,3.15380260,0.2020,3.14068439,0.2627
279,3.03969784,0.2400,3.17136362,0.2339
280,3.11987913,0.2020,3.12491193,0.2732
281,2.97739173,0.2240,3.10692046,0.2770
282,3.01147903,0.2200,3.19131836,0.2137
283,3.17407099,0.2030,3.13221051,0.2608
284,3.15912622,0.1860,3.09494496,0.2976
285,2.98182792,0.2230,3.07406297,0.2688
286,3.10870452,0.1870,3.07473437,0.2854
287,3.10619679,0.2380,3.08619912,0.2718
288,3.08978543,0.2050,3.08456718,0.2691
289,3.14137228,0.2110,3.06559140,0.2715
290,3.01043003,0.2330,3.08713034,0.2585
291,3.23841587,0.1990,3.05586630,0.2838
292,3.09576260,0.2070,3.04299871,0.2890
293,3.02709115,0.2120,3.04899149,0.2709
294,3.04016788,0.2420,3.04775182,0.2786
295,3.08728685,0.2060,3.01859798,0.2993
296,3.00413439,0.2370,3.00579024,0.2813
297,3.05080656,0.2370,3.03897093,0.2718
298,3.11978433,0.2250,2.98955505,0.3132
299,2.92765729,0.2300,2.99155658,0.2892
300,2.87459693,0.2310,3.02359549,0.2830
301,2.96405353,0.2510,2.97285499,0.3183
302,3.03746436,0.2470,2.96630224,0.3094
303,2.93655653,0.2470,2.94363098,0.3185
304,2.91893676,0.2540,2.94942743,0.3321
305,2.88002649,0.2730,2.94975378,0.3121
306,2.91883517,0.2680,2.91154177,0.3326
307,2.86798655,0.2840,2.93523257,0.3179
308,2.91623632,0.2590,2.88950766,0.3370
309,2.77836858,0.3140,2.92181588,0.3139
310,3.02793984,0.2500,2.88475722,0.3240
311,2.71516359,0.2830,2.87502828,0.3408
312,2.79876342,0.2800,2.90556506,0.3159
313,2.87380824,0.2650,2.87227285,0.3387
314,2.90387947,0.2500,2.84844920,0.3502
315,2.84777436,0.2920,2.86417895,0.3397
316,2.79720964,0.2970,2.83649179,0.3424
317,2.89912602,0.2670,2.88076671,0.3256
318,2.78130870,0.3050,2.89039225,0.3241
319,2.85303567,0.2650,2.81668652,0.3579
320,2.82430500,0.2900,2.83225428,0.3354
321,2.81921857,0.2950,2.80486609,0.3378
322,2.82457734,0.2810,2.82654208,0.3354
323,2.80806533,0.3000,2.82960895,0.3283
324,2.85797876,0.2760,2.82373643,0.3277
325,2.81061199,0.2960,2.81237192,0.3255
326,2.80506576,0.2840,2.76728868,0.3542
327,2.82695470,0.2620,2.78796974,0.3430
328,2.86681671,0.2950,2.73140904,0.3765
329,2.82188853,0.2890,2.76350070,0.3456
330,2.90743011,0.3040,2.73806765,0.3590
331,2.60069531,0.3240,2.75976829,0.3570
332,2.67554775,0.3430,2.76279270,0.3559
333,2.65696495,0.3430,2.76815463,0.3414
334,2.85238085,0.2940,2.73216355,0.3726
335,2.70716533,0.3190,2.76502473,0.3496
336,2.78055773,0.3100,2.71360897,0.3676
337,2.73096315,0.3290,2.69695116,0.3743
338,2.74846652,0.3010,2.69699488,0.3665
339,2.67326383,0.3030,2.72433126,0.3552
340,2.73553828,0.3100,2.69814649,0.3622
341,2.61305857,0.3380,2.66658447,0.3789
342,2.81977883,0.2940,2.66485663,0.3814
343,2.61587947,0.3590,2.70240404,0.3641
344,2.58758718,0.3600,2.70558700,0.3504
345,2.61059353,0.3270,2.64411519,0.3841
346,2.50308153,0.3530,2.66897146,0.3746
347,2.57322376,0.3430,2.72089585,0.3565
348,2.70405785,0.3190,2.59372381,0.4067
349,2.60606565,0.3320,2.60624916,0.4025
350,2.54956060,0.3660,2.59521324,0.4022
351,2.50884990,0.3790,2.62482642,0.3867
352,2.60941200,0.3430,2.65039160,0.3695
353,2.42364742,0.3710,2.66761568,0.3607
354,2.54665476,0.3540,2.64040984,0.3747
355,2.67625270,0.3400,2.61528563,0.3783
356,2.70574143,0.3130,2.58522856,0.4010
357,2.68765272,0.3110,2.56140500,0.4104
358,2.50206658,0.3880,2.57503786,0.4049
359,2.42242373,0.4020,2.62877954,0.3719
360,2.44419693,0.3860,2.56080319,0.3968
361,2.67729391,0.3310,2.59195833,0.3874
362,2.40495191,0.3840,2.57244975,0.3943
363,2.54327288,0.3500,2.50674072,0.4219
364,2.58579241,0.3560,2.52538193,0.4125
365,2.52709000,0.3740,2.48715451,0.4299
366,2.63810329,0.3680,2.57747417,0.3856
367,2.53906456,0.3520,2.50388765,0.4306
368,2.46015921,0.3720,2.51807704,0.4082
369,2.41215711,0.3990,2.50592082,0.4175
370,2.49040223,0.3980,2.51858996,0.4071
371,2.55293251,0.3440,2.49064462,0.4202
372,2.52183686,0.3800,2.48514435,0.4187
373,2.57589203,0.3430,2.49028540,0.4169
374,2.28872991,0.4230,2.58329300,0.3799
375,2.45861445,0.3840,2.46252940,0.4279
376,2.45722084,0.3920,2.47560713,0.4157
377,2.54169601,0.3430,2.46405160,0.4226
378,2.32238281,0.4130,2.45720454,0.4210
379,2.45553625,0.3750,2.43251201,0.4300
380,2.64172382,0.3570,2.45991914,0.4191
381,2.53941987,0.3580,2.43672135,0.4329
382,2.40447088,0.4110,2.51173723,0.3998
383,2.52835263,0.3680,2.41147438,0.4318
384,2.38879491,0.3970,2.40193718,0.4414
385,2.48794457,0.3710,2.43722686,0.4282
386,2.35024432,0.4080,2.39321019,0.4405
387,2.20565929,0.4530,2.45839996,0.4135
388,2.51842953,0.3760,2.35254694,0.4605
389,2.32640568,0.4180,2.38914515,0.4389
390,2.46990241,0.3490,2.37459286,0.4496
391,2.37506893,0.4150,2.37953342,0.4367
392,2.22846019,0.4490,2.40970131,0.4269
393,2.31242407,0.4260,2.40426092,0.4269
394,2.15698238,0.4860,2.39232874,0.4315
395,2.33053323,0.4300,2.39083327,0.4333
396,2.42041993,0.4060,2.33567076,0.4480
397,2.28387178,0.4150,2.38296415,0.4287
398,2.27557053,0.4340,2.39048341,0.4293
399,2.27831778,0.4150,2.35356641,0.4428
400,2.38514478,0.3850,2.35453527,0.4455
401,2.46135128,0.3670,2.33346919,0.4511
402,2.26384171,0.4330,2.36349795,0.4382
403,2.31745100,0.4240,2.33431522,0.4420
404,2.26254796,0.4160,2.33524797,0.4425
405,2.16959532,0.4530,2.37622346,0.4267
406,2.41473182,0.4030,2.29681827,0.4509
407,2.39135812,0.3800,2.30483567,0.4548
408,2.33210407,0.4190,2.36013937,0.4395
409,2.29485725,0.4150,2.27428157,0.4678
410,2.21099546,0.4530,2.28183127,0.4571
411,2.29431778,0.4230,2.29756356,0.4580
412,2.26099712,0.4320,2.27732832,0.4607
413,2.30739630,0.4130,2.30375014,0.4524
414,2.16142686,0.4410,2.28142354,0.4564
415,2.12378963,0.4770,2.27461078,0.4609
416,2.39719695,0.3770,2.27794694,0.4547
417,2.25604987,0.4620,2.30358254,0.4442
418,2.34054487,0.4160,2.25159309,0.4656
419,2.24128321,0.4350,2.25535649,0.4664
420,2.19216069,0.4410,2.26173796,0.4659
421,2.12916327,0.4400,2.23920077,0.4700
422,2.21955602,0.4510,2.27106195,0.4615
423,2.23513098,0.4380,2.26712691,0.4579
424,2.18236898,0.4500,2.19990044,0.4873
425,2.21912601,0.4300,2.21773754,0.4743
426,2.16468053,0.4410,2.20759308,0.4770
427,2.04117593,0.4690,2.21717205,0.4753
428,2.17807046,0.4510,2.22152463,0.4726
429,2.18427844,0.4560,2.20644817,0.4757
430,2.20199604,0.4560,2.21652702,0.4708
431,2.07659718,0.4880,2.27769969,0.4514
432,2.15579784,0.4750,2.20496363,0.4761
433,2.17034140,0.4400,2.19112618,0.4798
434,2.24849275,0.4280,2.23856295,0.4642
435,2.20200133,0.4410,2.23567588,0.4613
436,2.05588375,0.4860,2.19917369,0.4728
437,2.28737402,0.4410,2.15314061,0.4873
438,2.01886599,0.4900,2.23624856,0.4601
439,2.27169994,0.4150,2.15479763,0.4867
440,2.12218465,0.4360,2.13125260,0.4934
441,2.29957256,0.4280,2.13910513,0.4909
442,2.15861348,0.4590,2.15819979,0.4731
443,2.21277258,0.4500,2.12480669,0.4924
444,2.16405526,0.4510,2.16972937,0.4721
445,2.39717307,0.3970,2.15869046,0.4872
446,1.99664895,0.4930,2.16578385,0.4740
447,2.17349926,0.4660,2.15612048,0.4788
448,2.17417622,0.4340,2.15694512,0.4781
449,2.19577018,0.4420,2.13337951,0.4858
450,2.27725937,0.4350,2.06187877,0.5130
451,1.93079406,0.5020,2.17207979,0.4724
452,2.02411367,0.5080,2.13418692,0.4856
453,2.12042389,0.4740,2.05724512,0.5084
454,1.99383076,0.4970,2.11727167,0.4856
455,2.23530061,0.4330,2.05948311,0.5062
456,2.00113510,0.4920,2.09332283,0.4968
457,2.16246185,0.4540,2.08672946,0.4939
458,2.16648176,0.4580,2.09148580,0.4971
459,2.01440992,0.4920,2.07987090,0.4975
460,1.99921922,0.4830,2.11637282,0.4860
461,2.11063594,0.4710,2.11118653,0.4909
462,1.92870758,0.4940,2.06950628,0.4964
463,2.00724823,0.4850,2.15569125,0.4714
464,2.20437256,0.4710,2.06447700,0.5037
465,2.15025504,0.4760,2.03576891,0.5097
466,1.97138267,0.5060,2.03332209,0.5080
467,2.05242014,0.4770,2.10862860,0.4851
468,2.08854027,0.4760,2.07483094,0.4934
469,1.90717625,0.5250,2.14272367,0.4752
470,1.94981388,0.5050,2.08259096,0.4879
471,2.07589895,0.4710,2.10745968,0.4823
472,2.21671107,0.4350,2.05078220,0.5023
473,2.05258520,0.4820,2.16016868,0.4637
474,1.97373499,0.5110,2.11455533,0.4760
475,1.87222985,0.5250,2.13450624,0.4712
476,2.19097332,0.4460,1.95569404,0.5278
477,1.94581770,0.5010,2.04918174,0.4964
478,2.06038728,0.5040,2.00380351,0.5119
479,2.18033739,0.4550,2.03152971,0.5009
480,1.94718239,0.5140,2.04399837,0.4943
481,1.85943838,0.5230,2.02113417,0.5033
482,2.12496382,0.4610,2.00512215,0.5101
483,1.97158502,0.4960,2.05755098,0.4935
484,1.85539456,0.5330,1.99258961,0.5095
485,1.98311412,0.4980,2.01378761,0.5032
486,1.91152980,0.5260,1.99391285,0.5090
487,1.88503778,0.5150,1.97009630,0.5127
488,1.86925395,0.5320,1.96074539,0.5169
489,1.91753266,0.5360,1.98263613,0.5161
490,2.04531792,0.4850,1.96055147,0.5181
491,1.72135188,0.5470,1.94771924,0.5230
492,1.97063508,0.5080,2.00030932,0.5105
493,1.92921500,0.5040,1.95677975,0.5181
494,2.01249888,0.4890,1.98833204,0.5118
495,1.74008831,0.5490,1.95657832,0.5183
496,1.98350019,0.5020,2.01649493,0.5025
497,1.75111121,0.5370,1.95058399,0.5237
498,2.03096671,0.4880,1.91234653,0.5343
499,1.98956672,0.4850,1.91610175,0.5329
500,1.85472353,0.5230,1.98203466,0.5084
501,1.77167105,0.5470,1.94790967,0.5199
502,1.99250242,0.5110,1.91311601,0.5320
503,1.81435737,0.5400,1.98958585,0.5075
504,1.98574428,0.5090,1.91219724,0.5265
505,1.90652457,0.4980,2.00442716,0.5025
506,1.62209586,0.5830,1.91641535,0.5274
507,1.89998457,0.5070,1.90904171,0.5261
508,1.83326165,0.5320,1.90208820,0.5302
509,1.88588472,0.5110,1.95670397,0.5141
510,1.78957984,0.5490,1.93040609,0.5233
511,1.88402471,0.5200,1.96370595,0.5127
512,1.87733661,0.5000,1.89671251,0.5306
513,1.95592242,0.5100,1.90889337,0.5306
514,1.73782737,0.5230,1.95506435,0.5148
515,1.69558097,0.5530,1.92566335,0.5257
516,1.93906978,0.5020,1.96801405,0.5072
517,1.82914266,0.5250,1.87949935,0.5328
518,1.78985547,0.5330,1.91364988,0.5224
519,2.02998399,0.4870,1.89402753,0.5275
520,1.95314616,0.5090,1.86774309,0.5369
521,1.95944716,0.5130,1.84795177,0.5425
522,1.88656335,0.5250,1.89304213,0.5293
523,1.86731970,0.5120,1.87837090,0.5318
524,1.70915490,0.5740,1.86754372,0.5386
525,2.02088692,0.4990,1.89297489,0.5292
526,1.83222259,0.5250,1.84352613,0.5396
527,1.99300737,0.4980,1.79811440,0.5581
528,1.97375967,0.4970,1.82289901,0.5488
529,1.76198911,0.5670,1.85449109,0.5415
530,1.85391577,0.5150,1.87873671,0.5341
531,1.72945563,0.5520,1.86534280,0.5360
532,1.87198382,0.5240,1.85753399,0.5387
533,1.77509007,0.5540,1.90651625,0.5233
534,1.75432230,0.5390,1.89560157,0.5230
535,1.85548946,0.5320,1.93991029,0.5131
536,1.76643298,0.5360,1.84768432,0.5388
537,1.82682405,0.5200,1.81350149,0.5509
538,1.83266597,0.5450,1.86625729,0.5352
539,1.86501630,0.5340,1.85655248,0.5373
540,1.88150350,0.5320,1.87731371,0.5306
541,1.84765318,0.5210,1.82111334,0.5435
542,2.05400472,0.4830,1.85229335,0.5362
543,1.73603180,0.5650,1.85498056,0.5353
544,1.76784488,0.5420,1.91205570,0.5187
545,1.92667287,0.5200,1.78119430,0.5551
546,1.75296946,0.5360,1.91277841,0.5186
547,1.55370211,0.6010,1.85507196,0.5327
548,1.88030977,0.5200,1.82572262,0.5417
549,1.81590795,0.5390,1.81711700,0.5440
550,1.82101811,0.5200,1.88571757,0.5243
551,1.70706294,0.5640,1.80625201,0.5439
552,1.69795137,0.5690,1.81235463,0.5418
553,1.83392128,0.5370,1.79295224,0.5476
554,1.80788462,0.5240,1.76798490,0.5550
555,1.91139668,0.5340,1.82430767,0.5382
556,1.74695215,0.5520,1.82543970,0.5379
557,1.66080700,0.5790,1.81801352,0.5398
558,1.77599948,0.5500,1.80414048,0.5459
559,1.63590543,0.5770,1.82399070,0.5441
560,1.78036605,0.5530,1.79146484,0.5518
561,1.58141156,0.5760,1.89490333,0.5232
562,1.81596395,0.5400,1.81603835,0.5428
563,1.77404613,0.5600,1.84577584,0.5341
564,1.60659143,0.5820,1.82743731,0.5411
565,1.77640415,0.5440,1.81469194,0.5429
566,1.77586717,0.5480,1.79906639,0.5498
567,1.72800920,0.5630,1.77231892,0.5560
568,1.89349183,0.5270,1.78955705,0.5485
569,1.66088139,0.5610,1.84136481,0.5353
570,1.83740892,0.5300,1.81207313,0.5386
571,1.57660583,0.5920,1.78150501,0.5483
572,1.91940977,0.4970,1.76803233,0.5557
573,1.75471263,0.5500,1.80474785,0.5432
574,1.78033133,0.5320,1.80671133,0.5403
575,1.61313754,0.6110,1.80273292,0.5406
576,1.68525397,0.5620,1.74814515,0.5553
577,1.78064704,0.5560,1.83066655,0.5343
578,1.69805644,0.5770,1.77776290,0.5482
579,1.68330720,0.5610,1.73921400,0.5590
580,1.79895388,0.5140,1.76016172,0.5492
581,1.58019103,0.5890,1.82013093,0.5402
582,1.76750583,0.5420,1.81798585,0.5408
583,1.55666717,0.6000,1.74432373,0.5599
584,1.68087754,0.5690,1.75803837,0.5535
585,1.75590207,0.5530,1.73757851,0.5560
586,1.79430204,0.5410,1.73105814,0.5607
587,1.45465888,0.6170,1.75373072,0.5544
588,1.76348761,0.5220,1.71991272,0.5618
589,1.74699395,0.5400,1.74882727,0.5541
590,1.62327739,0.5810,1.74202413,0.5581
591,1.66028112,0.5800,1.75237349,0.5576
592,1.66042312,0.5730,1.77202717,0.5499
593,1.56813653,0.5750,1.79037298,0.5427
594,1.63867055,0.5790,1.80841002,0.5424
595,1.48170847,0.6200,1.73864125,0.5596
596,1.58313866,0.5990,1.71343479,0.5663
597,1.63295424,0.5710,1.76296491,0.5493
598,1.62726615,0.5630,1.69259601,0.5675
599,1.40302885,0.6500,1.76895645,0.5503
600,1.45971921,0.6080,1.82623067,0.5349
601,1.57011316,0.5770,1.73519024,0.5549
602,1.57117819,0.5820,1.72185746,0.5626
603,1.65968606,0.5480,1.66953798,0.5721
604,1.60121081,0.5820,1.68588357,0.5717
605,1.76284120,0.5580,1.70522877,0.5670
606,1.69333936,0.5610,1.75615070,0.5529
607,1.68821624,0.5640,1.73696246,0.5586
608,1.71993158,0.5670,1.73056453,0.5639
609,1.62474233,0.6020,1.73802515,0.5557
610,1.45879592,0.6190,1.69562908,0.5650
611,1.51963879,0.5940,1.66723156,0.5731
612,1.62615283,0.5800,1.74785127,0.5535
613,1.69766133,0.5590,1.65470120,0.5762
