1,1952,735,2329,37,96,2223,2613,2729,46,2130
2,2381,2033,708,2386,2166,943,1903,2814,1981,3036
3,2154,441,1497,1527,2398,2340,2261,2508,1077,1462
4,2507,472,881,60,3276,2943,751,1312,3273,1067
5,2264,269,2904,1551,585,2954,2167,2006,1929,59
6,1070,1982,2213,1845,2541,3386,1989,1839,1127,2853
7,2058,889,1678,229,2980,2536,3031,1845,3070,2808
8,1360,2231,44,1237,717,2435,1334,1685,1364,2100
9,1717,1495,2512,1603,658,1125,1119,1016,1126,2386
10,641,71,1326,2609,3173,1342,396,808,1219,2205
11,165,657,1031,99,812,3305,217,3262,857,172
12,803,89,70,1133,2713,1476,3237,1093,138,1326
13,463,985,152,2883,205,2110,1851,43,2106,2926
14,2538,481,792,2963,3048,373,660,2124,283,2441
15,115,266,189,3050,1977,780,1792,154,929,3307
16,3298,3121,2613,519,1092,4,3209,2007,776,846
17,2856,1265,2859,1480,259,1987,952,2892,2457,2360
18,1616,2237,817,2007,1284,1078,1807,34,2138,1723
19,2477,3328,3179,495,240,2926,601,2999,825,873
20,217,1036,2228,3242,1920,28,2636,3005,3123,95
21,2360,2933,2682,2141,2311,2122,2591,3140,231,1419
22,942,1070,222,2100,2689,2390,1714,1903,3022,386
23,20,63,3370,3349,1493,2998,624,1313,1171,1734
24,1859,3314,2524,2144,522,647,766,2742,1562,818
25,2737,3359,2792,60,459,127,2021,1438,2122,2200
26,1172,3022,2869,1748,1375,1367,2515,2546,1002,871
27,2976,1083,2711,1274,2262,230,3335,1422,1104,1917
28,980,445,611,1705,2270,2848,249,1536,1713,1301
29,146,260,2722,2989,1924,1646,2092,2160,106,2486
30,1051,2181,1384,2049,631,2191,196,1005,3201,947
31,2361,1544,399,288,1297,569,206,2450,850,2587
32,1932,1650,74,2490,1827,892,1563,2239,3097,1043
33,3311,138,1666,309,1611,391,1765,1529,2702,2215
34,1629,1233,816,717,305,825,1460,2389,2165,1973
35,2650,1871,157,2217,2497,1110,61,1570,2434,593
36,2131,219,2358,1229,570,1960,1825,1512,1008,652
37,511,1299,3125,1203,820,124,1242,517,2187,1251
38,1914,698,2090,1755,3246,261,1415,373,1112,2277
39,2117,2586,1236,658,528,2322,1950,2549,2307,1155
40,2729,3098,2443,766,603,476,403,513,2158,933
41,1118,100,434,1865,3376,941,1041,2757,1883,166
42,753,1190,748,208,1159,793,101,1966,2878,1724
43,2468,2309,980,2955,3122,1248,1856,1112,1582,2741
44,1778,1302,582,2896,1393,842,2849,2538,3168,1713
45,768,1921,2837,1727,1850,1437,1935,2501,762,619
46,326,1693,1868,1847,30,222,3116,434,2033,1359
47,13,912,1637,2365,579,346,3125,67,2223,1557
48,1979,2669,2317,515,857,2294,3301,2532,1317,1492
49,3289,2485,1002,2460,1976,1321,673,527,1035,2951
50,2517,2114,260,2255,787,2716,2466,1984,649,2980
51,2870,3288,2311,846,505,1331,564,90,3264,1731
52,1059,2845,2907,2980,104,3195,678,876,768,3155
53,1172,401,1251,3192,1842,250,2770,2749,2179,2561
54,2504,137,1709,10,1911,2214,158,2782,1630,1737
55,1298,322,268,1548,3104,2651,2144,2077,1922,3395
56,2722,1809,2519,1739,706,3103,369,123,1039,1587
57,3105,700,994,1031,2062,1514,1967,96,575,2606
58,1694,1184,932,906,1896,1676,2657,253,1603,2906
59,1095,3030,1131,2040,2582,1473,3241,2609,3313,1528
60,1115,433,1202,1676,512,2562,2463,1197,1291,3
61,2341,1150,3044,2505,2664,1575,2788,1270,1924,1760
62,2303,2429,2946,351,2095,1815,3087,3128,1331,1079
63,892,2310,760,2385,1116,1980,664,2061,1276,899
64,2768,3016,2348,2098,1118,967,241,2623,1428,258
65,2926,1830,362,2055,1724,2122,3151,2215,1136,127
66,1076,2705,2899,2491,1433,901,828,3332,3009,800
67,2292,1661,1806,1436,3078,191,2359,2088,254,1988
68,2139,2762,2912,2766,3179,2270,792,1700,3369,525
69,2891,2182,1388,2386,2897,1816,2854,2247,285,530
70,2209,2111,737,2155,398,3192,340,3334,2086,609
71,403,3360,1786,811,2502,2197,2019,1560,633,646
72,3178,1507,983,135,2236,2594,2661,1552,190,2354
73,3137,1043,249,2198,2256,226,3178,2760,2931,559
74,1922,1605,2106,1864,2216,671,556,280,1437,1393
75,348,2063,930,1314,1514,3161,2462,459,2832,2216
76,1383,1000,2496,199,2208,2015,503,2890,2499,1880
77,393,1904,985,301,231,90,2890,481,3076,2629
78,1976,108,2625,2069,1409,2387,272,2973,2636,2964
79,455,2941,3234,2459,2191,2297,2698,2969,1829,1381
80,2805,2334,2314,564,1081,2843,1954,271,1663,537
81,1944,1610,1210,1557,3146,552,693,61,1605,3074
82,3168,2078,2772,2348,279,910,780,1201,1667,2048
83,2812,1439,966,2462,1498,1138,2744,2677,569,1053
84,267,68,1328,70,3397,76,3214,1813,1917,182
85,643,1421,3328,3275,2768,1518,2839,300,332,2042
86,163,1533,2027,1338,1786,1878,2846,1184,3103,2552
87,2965,2697,2523,651,3053,2839,1491,16,223,3195
88,1557,583,2860,2715,1311,1392,2007,2545,2196,1828
89,2951,386,2037,1429,2490,2856,944,1210,3180,2623
90,2459,261,2842,2564,2381,2654,3367,813,2696,2317
91,3219,2139,2490,1283,2930,1165,453,952,3325,768
92,2366,876,735,8,3304,2514,1440,457,929,1386
93,2434,2869,2597,367,2926,3094,747,578,2954,1951
94,1944,2441,2689,2035,668,417,2783,1857,1861,1967
95,173,1200,3315,2939,2884,513,1338,3,3009,2585
96,1216,1893,739,452,2644,117,1695,1712,2482,396
97,2330,1135,2837,2326,1004,1690,1064,2799,2229,3102
98,1054,922,2382,2062,1696,1651,2941,1362,824,1959
99,2158,743,1609,626,142,2687,2169,1090,959,472
100,3001,2883,2975,1590,1181,2533,2672,417,3163,2938
101,2772,248,781,182,2631,2054,391,1160,1728,620
102,851,2953,1280,1077,2859,2971,1316,1185,897,1598
103,170,2048,1068,1215,1891,1313,3213,331,2307,801
104,1297,1394,469,309,78,3,495,1300,2703,681
105,1753,2726,1800,428,327,1101,1810,2857,232,2916
106,174,3122,2514,1776,2208,1174,2837,1114,1921,2658
107,1823,2429,34,1894,3043,605,957,2223,2696,2107
108,1516,553,1478,397,1264,3292,2142,104,337,1946
109,1960,3110,1823,2405,2674,3276,235,3057,2420,2253
110,1192,2535,2096,621,2485,3326,438,2424,3197,622
111,1308,708,1877,33,1189,1119,2344,116,2188,686
112,2261,3379,84,788,154,3080,1211,1884,2063,1188
113,552,2273,1593,2959,1089,1364,2055,1021,3357,718
114,740,1764,2952,228,493,3259,696,756,25,2010
115,635,2599,279,770,438,493,1735,2671,2691,1390
116,601,1259,1732,711,2651,3244,2669,1281,763,2652
117,1129,1866,792,2724,1903,412,1891,91,407,1015
118,3135,1587,2984,920,2913,1295,1422,978,2273,1111
119,600,710,3104,312,2098,2571,2249,432,2512,309
120,478,2718,1547,591,1254,2671,2809,2606,2624,3303
121,2422,2733,1708,2602,7,1751,545,3099,1103,1882
122,2175,303,2016,752,1008,561,2618,1151,1858,2347
123,1785,2588,3169,830,806,415,603,2278,16,1654
124,805,1060,2890,2406,2062,852,2849,1604,2574,3190
125,2064,3000,2112,1156,1739,2108,1099,1884,67,3267
126,935,2591,2239,2929,3003,767,919,443,2467,2223
127,2587,3214,2005,1768,2214,2758,352,36,1498,1541
128,2912,1070,566,1553,2172,959,2900,1366,2271,482
129,20,2716,3113,2653,720,144,1756,78,482,1144
130,110,3322,1926,1549,2261,1180,594,631,686,3354
131,3315,669,131,3186,1143,1872,696,1540,942,2836
132,1073,1386,2101,202,203,1791,892,859,1129,3109
133,397,1683,3202,2755,3315,2779,851,3312,1125,2726
134,982,883,506,2267,3338,2567,1739,2000,132,1860
135,407,1085,2864,3214,3335,2162,3161,2449,870,1257
136,2315,2686,2588,2227,1554,596,3269,178,992,2569
137,2419,63,1708,1547,2665,169,1819,1441,1793,278
138,319,355,1837,983,2092,1810,2441,400,1912,2056
139,2451,2723,2365,2984,2960,941,190,2568,89,3111
140,396,2534,695,568,3303,3357,1206,2516,3195,105
141,1151,2084,421,808,3054,443,1662,2654,3183,113
142,818,2978,1317,1881,77,1116,1570,2944,2913,2489
143,2458,520,2399,2313,1016,2963,1345,2103,2026,2708
144,1550,2366,667,2177,363,682,1281,2180,2557,1290
145,497,2925,2066,651,241,442,2156,91,1146,329
146,1153,1910,1520,3316,459,2216,2800,2038,3314,3380
147,3108,1339,1996,1156,454,711,493,285,2998,2407
148,952,2522,1611,381,2163,2751,676,2641,318,205
149,2145,1763,2951,734,1928,2627,2785,2641,1042,3257
150,2497,1982,341,1644,1416,3383,2784,3273,1141,1245
151,2245,2914,1282,701,2357,1911,2060,461,2838,165
152,1795,304,2997,1473,1973,3379,2002,1259,2505,1932
153,2391,652,3119,1380,250,443,1162,3236,746,2042
154,2304,850,1533,1040,1891,103,1280,1631,2763,953
155,3398,1044,702,2947,2137,403,2442,3298,1571,1271
156,3153,858,1237,1935,1455,567,1992,3322,1618,913
157,1177,1124,451,1493,592,2677,3392,1692,1074,1350
158,3283,577,3368,2418,3278,1822,1053,2921,3078,3372
159,1899,1974,291,1608,3194,2203,2652,6,1785,2467
160,680,2242,1767,2303,2589,991,955,2780,400,1181
161,2834,2220,2600,999,1078,2618,1482,700,2826,751
162,2221,211,1716,1324,2181,2413,392,422,2310,2998
163,373,1331,2132,3222,2876,2339,2571,900,1130,2141
164,2565,2322,1091,3249,2338,2538,2497,2453,3207,629
165,2706,1650,3065,2858,594,418,2723,1159,1320,2496
166,2248,633,2024,345,133,2229,1548,1939,2978,2634
167,2726,929,3274,656,2246,3313,2856,2812,3,89
168,1867,1015,1512,485,1771,2538,1466,2578,1356,854
169,75,2292,2826,3155,3087,1954,1133,269,1867,2599
170,1155,587,2141,379,917,1693,375,1466,1310,371
171,484,2217,319,1755,1443,2600,1623,2589,2542,1834
172,2518,1575,3350,3146,3131,1875,3066,2047,711,1435
173,2800,1025,2100,2880,1085,1783,126,653,1092,1165
174,414,3242,1554,833,511,1449,3154,1316,3201,394
175,3036,2636,1492,2734,153,1267,2552,1108,3196,2319
176,522,1698,1480,183,2207,2100,3399,251,134,992
177,2543,171,2368,888,1862,48,724,2928,1614,2534
178,3131,1893,1868,3224,498,172,3020,1527,3147,3353
179,1735,3389,316,2468,640,2812,162,1174,2823,2363
180,3013,336,2990,2110,3197,1841,944,785,2506,448
181,1840,1075,1753,3328,755,1323,278,1013,607,2951
182,2038,1308,3392,1145,519,1425,3128,2583,131,1171
183,2474,2227,2090,1220,2843,465,2527,2647,119,2028
184,1680,2436,3303,878,2842,921,1418,2029,2611,1490
185,7,2455,1206,1401,3074,3380,827,1699,1714,730
186,3256,2072,83,1548,2255,2539,2077,2909,2612,1920
187,412,1521,503,636,2560,1901,2724,1091,2104,2063
188,2270,1268,2431,2507,860,1451,1732,2494,1163,2720
189,457,2491,448,1398,893,2237,453,1253,3340,685
190,2823,2818,2952,1915,1075,2208,306,397,1965,1996
191,797,606,3087,1781,2253,3041,529,118,2560,980
192,2124,2131,2044,377,145,2203,2081,994,3336,706
193,2948,1569,1675,446,852,93,2606,532,158,166
194,2115,1731,1764,3212,1424,977,621,1734,3289,1466
195,2639,2552,950,1301,990,1567,370,1117,2545,489
196,1382,1323,2867,2408,2690,1452,47,3209,766,520
197,508,2400,2932,1486,1968,340,3039,1801,435,3030
198,2715,3309,1877,2247,473,1344,1373,1937,2727,1794
199,607,1418,2063,1345,2172,1072,1263,2818,693,29
200,1291,2614,2568,3039,2395,1928,2892,2101,3230,2992
201,853,267,1034,2422,518,2397,1899,29,2486,1961
202,3155,744,2661,2665,2723,427,2936,1564,2464,582
203,822,2175,2811,2468,2185,713,3163,1655,2926,2690
204,1129,671,2167,523,165,1244,579,299,3097,1866
205,1482,197,3269,1105,1456,251,650,2699,1856,2457
206,2585,1601,2222,267,2646,2158,2608,453,184,2480
207,2984,3345,74,1096,3197,2307,1701,946,1838,430
208,86,2503,754,3304,2285,1810,6,159,2537,2835
209,2339,198,2737,1720,2967,1506,2768,3104,1955,3154
210,93,1872,498,1896,1113,3106,1741,4,2988,2468
211,1072,1862,1192,39,2326,1735,1557,191,36,2854
212,2261,3312,1293,44,62,611,2178,1428,1548,1801
213,1983,1131,2561,1533,3036,1685,1607,1475,2024,2898
214,3301,2645,2100,1241,1823,1918,2462,587,1552,2403
215,2337,3398,1267,3114,2707,1847,110,1662,167,1696
216,2670,302,165,805,1513,3081,836,2114,1517,2784
217,74,1647,3102,1719,3232,1997,1870,1292,352,1861
218,1742,2947,1830,2569,2882,92,858,123,21,1112
219,1357,145,2275,939,3140,1597,3346,2641,668,2430
220,2706,2415,2828,301,2315,2744,2263,2652,1751,2295
221,972,3311,2185,897,836,472,375,2429,217,1320
222,474,72,1308,627,2112,2785,1279,1686,1136,2487
223,3282,3383,2266,2209,2936,1702,1561,2592,2462,478
224,1889,563,2928,29,2154,133,658,1430,594,3095
225,661,3243,961,2671,756,1612,1107,2365,3170,70
226,498,1609,1546,145,3287,495,901,2017,178,2487
227,3372,3006,1515,1665,2587,2839,87,389,1746,774
228,341,3236,392,1209,3101,2167,337,3217,2797,1748
229,339,3301,466,2514,1430,560,918,3137,1228,200
230,1380,289,478,1474,2527,2737,744,2429,2972,1229
231,1258,2102,3025,484,2272,3249,3100,286,1116,3098
232,671,1952,2380,2200,1037,547,227,1562,2692,1155
233,1922,2913,818,1855,1985,802,1255,112,1364,245
234,3386,534,2705,359,1818,2893,2817,2956,1814,953
235,1328,935,440,2834,685,536,1090,3334,382,456
236,197,1921,3064,2176,319,913,2786,1604,1754,2278
237,88,2889,3207,3167,2170,2507,370,1067,2514,1924
238,484,262,1143,1681,3339,2847,349,1518,1800,2194
239,3108,2625,3389,2060,1270,1320,116,806,1905,2172
240,108,1633,1203,1297,1905,1067,627,1672,448,1938
241,1791,3293,2957,1641,2318,2460,2924,1914,1197,2897
242,522,176,1933,26,2107,2122,2154,1928,2649,2135
243,2222,17,1506,2280,1803,100,2451,1032,3242,504
244,1180,2607,1732,2021,3248,1520,1331,2892,1913,1970
245,1299,1811,402,2276,89,528,1519,1036,1071,2004
246,858,480,3181,2362,2309,2117,3227,1293,2450,1226
247,2628,1735,266,803,1746,2037,35,1,2056,184
248,1320,1463,1913,2886,2255,3244,234,529,3088,616
249,487,2413,3296,533,3124,3112,516,2543,3191,198
250,1773,2759,3133,124,3112,1597,1761,2978,2267,2853
251,2220,2981,216,681,1539,1186,492,2837,2593,1999
252,2614,2119,984,849,2030,768,817,2768,2753,1742
253,2155,750,1878,3310,120,1164,2533,2166,1977,2095
254,1728,2253,1508,1105,1205,66,1406,844,2273,2553
255,2817,565,1366,2675,2065,142,960,1250,1532,2494
256,2470,2100,2740,492,857,1740,1613,2711,2738,2718
257,2862,2117,2308,857,1503,381,2581,567,817,1703
258,2216,740,72,1691,1007,2524,341,492,298,2132
259,2441,553,588,1822,628,3267,1485,2336,2279,1021
260,2875,1990,3157,3215,693,2042,436,551,1972,424
261,1402,2007,2428,429,1150,1965,297,2118,3255,260
262,3087,132,923,1650,3372,2432,2409,11,1373,377
263,1113,1445,3132,2140,546,1469,1102,2935,2141,308
264,2514,1958,1910,1888,3038,1446,2537,3083,3203,2005
265,2659,1834,376,2412,962,1823,1748,2411,171,1008
266,113,2546,85,1586,1789,644,490,1206,1049,1742
267,1236,553,1902,2537,473,1398,1137,3397,2948,2055
268,2835,1845,1246,2235,2916,3228,646,916,2494,3168
269,1626,2915,2440,1392,2333,2770,862,856,2406,2838
270,1561,1713,1634,3111,979,980,1753,1240,2890,2063
271,2383,872,1534,960,2482,3018,2847,2480,444,3142
272,1240,1442,2723,448,2820,2442,1850,1933,857,153
273,2145,23,2125,2384,1606,3232,2078,973,2023,52
274,1221,2158,53,23,2370,2289,2179,1816,936,3074
275,3146,2802,1921,795,1913,2754,2846,961,2253,593
276,1880,1417,1238,2840,2894,1321,2069,1489,1098,1728
277,3112,2785,652,1048,1782,1615,260,3286,2319,3062
278,691,3139,2205,777,3383,303,2824,2299,1808,1757
279,2263,1250,468,3364,2429,2224,198,1076,604,2987
280,3245,194,1780,2397,2365,2305,1173,2179,3135,2169
281,3048,1428,100,2648,889,1870,706,2060,2609,1446
282,715,2320,2358,436,1748,2783,2829,429,3191,1691
283,2798,2813,2923,3208,161,1492,1197,1471,632,975
284,510,2486,3338,2127,174,2854,1556,1824,1220,2610
285,1545,648,2492,354,905,1479,1580,1453,2332,2152
286,3213,3387,2968,6,1109,2085,2564,1955,1904,3085
287,701,396,476,1142,481,2036,2006,76,1320,169
288,3394,2144,1798,2686,329,2058,2040,3287,3384,605
289,452,48,1340,1062,1298,2042,164,1999,2881,1355
290,1524,2353,655,2241,2646,1443,246,1883,2434,2452
291,734,3368,1596,2889,1141,2630,2604,1622,3390,560
292,1650,182,1256,1744,2169,1692,3194,2800,1855,3164
293,1339,2339,1806,2725,3195,1871,2616,3336,1866,124
294,1120,985,2397,1900,610,2933,3198,1475,2805,2207
295,511,348,1703,1574,1733,234,572,2308,1635,324
296,1941,3036,2846,2480,3018,2706,2845,268,1122,1388
297,1186,1758,658,1206,1193,448,1724,2177,2699,975
298,993,336,410,735,2716,2648,2607,2411,2864,2166
299,394,505,1007,193,943,958,352,1978,2829,298
300,53,3383,1806,823,1145,616,721,1076,897,1381
301,2173,1649,173,122,2709,370,934,1078,1390,2568
302,445,583,1836,1714,1919,1565,3363,469,2910,169
303,225,1465,1206,514,1564,2707,2304,1042,3200,594
304,209,2417,517,1309,2117,2331,1948,3028,1155,1170
305,2654,283,619,2985,1719,2882,1336,31,3289,12
306,2332,776,1188,3360,1441,3374,1068,738,2537,577
307,374,513,1411,3167,2499,257,2261,1612,3246,237
308,34,1101,1820,2454,3314,1910,2535,700,1172,655
309,2124,297,1770,2404,1122,2740,2708,2942,904,3091
310,2249,2225,10,205,215,3193,1358,780,3064,487
311,186,3236,2244,446,2243,2421,2288,1627,1094,720
312,3355,1320,1094,3072,3309,1019,1575,2583,660,2574
313,2776,796,180,574,1897,305,1390,2772,2969,751
314,453,1570,1787,861,471,3294,2615,1194,1275,2104
315,2041,3323,3321,2071,2631,1788,2518,2757,2842,2667
316,1961,1385,1719,1248,49,414,2012,2516,3166,2706
317,800,931,1702,2075,921,1134,2873,1506,816,240
318,2724,1180,1113,223,2825,3029,1874,2790,1687,2117
319,94,840,638,1907,509,3029,174,2381,3149,1455
320,2102,839,678,2467,444,151,936,244,1376,1742
321,429,596,2783,2548,976,1757,1700,3240,1055,1747
322,3293,2394,1547,3225,519,1327,3256,249,1400,1623
323,1562,2806,75,1348,8,2764,1146,1547,1933,2434
324,1467,439,672,834,2293,2902,2787,2830,1749,1452
325,731,2537,2798,221,401,303,265,77,2040,2657
326,1714,1114,1821,2893,3120,1812,408,2606,1301,2257
327,1495,1258,1034,805,2773,140,2650,1951,330,2792
328,2825,1842,87,2829,2474,1262,2595,613,413,552
329,2633,39,287,2626,2381,3371,1436,2310,2151,357
330,1982,2964,347,1278,2345,2427,2005,325,2780,2711
331,2906,1848,1860,503,1306,1905,3147,737,798,1201
332,3104,3231,1474,1637,1989,192,72,1889,2613,1521
333,1398,935,371,3211,561,1872,2504,811,1512,2646
334,1400,1853,3284,1015,505,411,2984,1693,2096,2046
335,1430,792,2608,1305,1914,2661,15,1461,3345,343
336,992,355,756,1807,2683,2329,3382,3267,2068,3094
337,1358,821,390,728,3016,2678,492,2342,2960,2996
338,1786,2794,1318,3115,2661,2052,212,721,875,1271
339,3019,465,1157,102,3253,3120,3059,3191,2215,326
340,1302,58,834,3081,2747,932,1992,1876,301,1196
341,1689,499,1296,2693,861,3369,1315,2515,1723,774
342,3288,1785,1950,139,2121,1502,2826,787,881,3231
343,2591,2787,62,1503,3270,499,2263,3212,3203,3181
344,2710,2365,2121,2069,2997,1866,2935,323,3340,3033
345,1431,2397,6,520,2447,509,1440,2132,2492,849
346,1650,255,1969,3289,2139,1411,832,3158,1861,2553
347,1118,1092,1338,3368,151,283,1740,1985,2678,1637
348,3167,434,1100,2740,3300,2260,2923,686,708,340
349,788,2974,495,2772,3272,1661,1716,501,126,3067
350,2230,2433,3040,186,1430,604,548,420,1838,2245
351,1772,2836,961,2715,770,1997,3163,1405,1255,546
352,388,2702,1693,3387,3195,564,791,3118,1256,2427
353,1583,2539,3000,1359,527,1173,2273,666,2836,1584
354,1977,772,1791,828,2726,815,2820,1573,2406,464
355,2798,3107,671,276,1794,2319,3200,1419,2549,354
356,2920,984,1775,1420,2516,2024,2202,2982,1675,2392
357,1134,2157,955,2845,1231,1767,2074,1039,1879,2334
358,3166,3290,264,230,472,1697,2792,2714,2144,562
359,1309,2846,866,2539,3028,1930,900,2401,1000,228
360,96,3166,2174,1491,605,175,766,793,415,125
361,3315,1258,698,1353,3208,2979,620,2466,1172,2340
362,122,1241,472,3095,136,857,593,1589,1785,2224
363,1867,180,1416,3286,2464,688,2512,854,1800,2758
364,1745,43,2751,614,3134,1233,2944,3016,2930,2302
365,2657,1433,893,687,2766,842,14,506,2958,3391
366,1694,827,2627,3031,2829,2324,3394,1853,3388,96
367,1280,2681,3326,1799,404,2411,1366,2881,1093,154
368,1080,1850,2589,1833,895,2174,1560,1170,1428,3145
369,1236,323,1136,426,100,576,1878,3122,3110,229
370,1899,3106,2363,1247,3240,2162,226,141,1084,255
371,878,429,378,3098,1794,739,19,1215,1210,1192
372,1277,1132,3254,24,2581,88,1411,3266,2810,2322
373,361,3155,161,698,354,1959,2721,2969,2974,2222
374,730,3377,353,985,3200,2330,19,1388,3069,3263
375,2652,2447,387,211,677,3305,666,451,252,3249
376,1942,1703,3373,2811,1855,1586,720,626,2255,2621
377,1055,2814,3312,2652,612,2469,1804,285,1054,1057
378,1601,1225,3097,3085,861,3106,947,2070,1762,1931
379,2629,2282,524,810,183,3112,77,3125,2615,1724
380,2409,751,1969,805,1658,3116,750,2584,1607,2735
381,2265,2369,2251,776,192,190,2983,3118,441,2906
382,729,999,972,1216,858,875,2912,299,2758,813
383,2424,1836,2982,595,1238,3232,1260,3224,1443,1382
384,1209,2158,2542,2093,2198,377,1814,2299,755,608
385,3109,1947,1262,1283,2601,2313,1427,1954,3307,2420
386,1899,786,2610,1003,3345,283,2504,841,154,634
387,1439,2264,1050,1764,2406,1728,2199,619,1031,93
388,2436,41,2136,1796,2915,2503,874,165,1261,383
389,1996,1466,418,596,3303,103,704,1859,876,2133
390,2919,986,1395,2699,848,1119,68,3299,1950,1465
391,2050,481,2250,753,3277,2858,2284,2414,847,2164
392,2642,814,1150,707,1413,98,1207,172,3045,2599
393,971,1085,1423,2108,133,2721,2222,670,2371,1180
394,280,2309,1611,1250,3090,2607,986,709,1685,1568
395,1019,2960,2370,1817,1362,2316,2314,971,1918,1503
396,2261,1582,1625,1006,2648,1696,1731,262,485,2495
397,996,1234,127,2471,1274,2150,2835,817,542,2267
398,1751,1438,1066,1206,1759,1918,1971,307,1557,2164
399,552,2870,1776,2130,3245,1232,758,75,3060,460
400,2697,3390,767,1789,1370,2994,1602,1133,2096,2204
401,927,2816,319,636,252,3108,1806,370,3272,2012
402,138,1691,2767,1063,1657,2225,707,1122,1426,2607
403,565,359,3135,2020,462,1621,393,2774,1927,525
404,983,382,3292,2279,128,2335,2698,2485,1912,3367
405,1384,1778,1909,1063,3259,991,2481,2707,2432,69
406,1986,2052,1341,1075,2370,2878,361,2436,860,2097
407,330,111,2976,2532,1628,2307,1449,2660,2035,787
408,1782,3051,2451,2011,2608,3305,2450,2596,1765,3361
409,246,1848,2252,3266,1158,2413,1033,2366,1661,1192
410,1982,2247,2041,1345,358,759,486,2979,678,67
411,1594,3128,2095,1341,939,2879,2141,1555,1968,2488
412,404,2334,1279,2791,623,1141,1758,1645,3001,1314
413,3206,88,1586,2264,839,1763,9,2770,1359,1019
414,124,945,2308,720,2768,1600,2986,31,307,3069
415,150,3335,804,188,1163,2594,772,3120,3287,3121
416,352,1059,3059,2919,2817,467,2658,700,1751,2759
417,2192,1016,1246,455,957,3275,2076,3082,1065,425
418,2187,3160,1207,1072,1588,593,3314,1986,1866,1458
419,2527,1218,853,2493,890,2562,1496,907,2605,319
420,2399,769,1465,2051,2864,2243,241,2673,747,2354
421,2808,2524,3060,1898,1312,1663,160,1599,603,1399
422,885,2218,2105,1069,1313,2541,1099,289,3030,2695
423,110,769,1780,2976,339,2512,1898,7,3114,1195
424,1846,1749,2976,76,1655,345,1503,2956,97,1687
425,1437,1121,2109,904,1440,2814,510,2685,2804,3090
426,1691,1249,1748,1571,2441,695,2640,2961,120,2642
427,1061,3384,316,1019,1173,249,351,3238,938,1788
428,3190,893,2969,3139,1754,2977,2192,736,640,3244
429,336,1209,1118,2121,142,1673,355,1507,1764,2064
430,2705,1385,2062,758,1720,1759,503,677,1764,1745
431,2452,2591,1167,1897,1498,2610,540,213,2910,2828
432,1221,2143,2664,2476,2965,2062,3081,2214,1781,232
433,3250,1317,2207,1174,1731,1712,345,146,3084,2609
434,2251,407,240,797,2237,2808,3107,1149,480,2456
435,2535,2569,2118,1585,2406,705,884,3059,2721,2252
436,917,2967,2920,1182,107,1611,2177,985,2119,1393
437,1435,1275,605,17,1633,2851,1538,1640,2152,425
438,1605,3081,2990,2037,3186,325,298,227,3227,3155
439,1131,3398,3361,2879,2200,695,875,3225,2206,1367
440,2970,1305,1738,1857,594,1072,1353,3109,790,3289
441,206,176,477,1510,450,2798,805,1130,681,1536
442,2580,1420,82,3051,316,2885,75,2220,1833,1266
443,1543,646,1014,2504,763,1833,3168,391,567,2483
444,2360,2239,646,692,2602,525,3122,2453,88,1078
445,843,130,1181,3195,754,1347,2488,1696,941,1075
446,2279,918,1923,600,2245,2417,714,3276,2935,2435
447,1452,988,2740,1657,196,2242,543,2202,2485,1428
448,2626,1490,2646,2724,396,3041,1741,3146,204,3271
449,685,141,1795,2474,3241,2402,874,2804,1422,2395
450,2837,252,1282,2919,578,3128,1223,3004,2754,737
451,2251,1403,3343,1636,1911,958,2897,3323,175,3191
452,1531,2886,1347,2288,2346,1609,805,2290,3166,2417
453,2828,1871,746,3394,2040,2833,409,3346,1832,811
454,1459,1181,2279,2382,1472,1260,3117,108,335,2808
455,1574,1672,3353,1498,1598,1120,908,312,118,2996
456,3228,3215,53,1549,1664,5,1646,1721,3286,3361
457,509,2464,443,1052,619,1960,3178,356,503,1118
458,867,212,1324,645,642,1175,750,1774,159,2806
459,2168,2746,2309,99,2494,164,1485,3087,790,2506
460,1187,2354,1700,522,1309,2253,3315,1618,1234,1435
461,2436,34,1792,531,1631,1556,329,1146,129,2021
462,1898,3254,2252,3054,1146,1684,456,1708,2182,3390
463,887,652,1070,1532,2884,2226,1040,2427,502,655
464,799,3339,738,1626,2526,2500,2589,1440,919,2259
465,2001,1864,2639,281,197,439,621,607,623,830
466,14,949,3385,1675,2609,3270,1452,2691,282,2821
467,1295,1700,623,3223,736,1334,3393,625,568,880
468,532,1242,1490,2588,2452,1992,3371,2465,144,2597
469,3353,3210,706,1760,675,1126,931,211,2956,48
470,1731,1789,1580,844,2160,1692,3397,413,1927,427
471,2526,2525,891,2886,922,1853,2625,2123,1535,752
472,2045,1658,16,161,968,1366,2015,2453,1483,245
473,2176,2739,1478,3328,2603,1068,1934,746,1187,652
474,795,3175,2412,466,183,464,2607,1128,1826,2409
475,3187,1325,2767,3120,2277,722,1246,2013,194,956
476,1430,705,2690,1033,3358,2505,3302,894,3093,1815
477,1472,1086,1575,791,216,1257,310,1253,924,2967
478,2362,2765,2492,2823,1114,2602,963,2469,2917,686
479,1672,855,43,1089,2209,2417,1801,1917,2061,1648
480,2779,756,2619,2717,2022,2379,1192,1878,1064,2515
481,3110,269,765,449,547,1959,1712,33,3198,2386
482,631,591,2230,3027,2248,139,1082,777,623,612
483,2309,551,1766,588,1039,1139,1227,2431,469,2585
484,2676,715,246,859,3279,2004,2734,3317,171,1559
485,1695,693,2411,922,879,953,1709,1570,2540,2623
486,479,468,1065,939,1998,2180,1089,2573,3228,1658
487,1409,2020,2053,2785,3125,2786,2525,195,679,104
488,3118,427,1194,2232,2786,460,2284,1512,594,1517
489,15,1952,582,2974,1412,1895,456,568,3129,798
490,1743,3261,3082,2920,1422,3095,105,2571,2567,1349
491,763,3174,2469,2061,1369,868,1862,1944,801,2626
492,2477,1777,404,236,885,1717,2553,234,253,135
493,3142,2986,751,3217,1363,905,1017,3359,3188,881
494,2149,426,384,3184,1986,3197,2134,2270,2168,2675
495,1401,2726,160,2146,863,1909,829,2394,3374,900
496,1506,731,1507,3080,887,601,3108,1059,445,720
497,1820,1769,3101,2318,159,2299,828,3141,2876,221
498,257,1670,1813,461,1549,1557,13,875,64,501
499,2263,2668,2215,50,2233,39,3075,1138,1142,839
500,1279,445,2453,2199,2074,2256,1016,666,2521,151
501,88,1314,1551,2487,407,2176,2093,161,1978,2994
502,3194,2630,2952,1187,356,3239,3075,1529,1313,2239
503,2990,1531,620,3197,3195,3219,3079,2751,677,2578
504,2113,1477,2933,3073,2595,3090,1948,3075,3247,2533
505,1202,1650,641,1489,2491,2613,2446,1928,2789,136
506,588,2347,3191,1056,2766,1729,1985,2105,2643,3120
507,3248,2911,118,3208,1488,1272,3148,657,2627,526
508,2856,1683,1438,341,2290,2347,3295,1309,2124,1894
509,1973,247,1934,463,3279,2506,1777,61,2152,3058
510,528,1000,145,2722,750,350,1629,1575,1037,1722
511,1436,2046,580,2445,3220,2871,457,2908,2149,202
512,2253,1669,339,1564,150,1043,1764,3154,3285,2153
513,1328,1031,2297,2523,487,1513,200,109,2516,3037
514,2924,2977,209,79,902,740,1777,2864,322,2619
515,3145,1958,536,1485,2013,1866,1865,2224,990,2848
516,988,2432,1151,592,1970,3283,1410,508,2926,300
517,2747,5,2117,340,2959,3250,408,2599,2583,817
518,1923,1636,2468,3386,196,3017,1951,3265,2179,1363
519,417,1201,2922,1013,2630,2174,478,105,1656,3211
520,2463,790,1891,1118,2882,2867,2713,1399,179,1633
521,300,3307,613,1628,843,3353,112,3348,3010,2533
522,2594,2195,2354,1403,2608,2280,171,3059,136,1219
523,2992,1702,399,304,3381,3107,2524,248,3052,1245
524,755,2622,1145,720,1141,950,3081,2415,1506,2056
525,1710,35,653,2918,2256,3370,2255,2103,2815,968
526,2859,2886,2353,403,116,281,2672,2332,1103,2480
527,3365,3237,206,1764,1561,3274,1709,1432,1630,2789
528,2765,2061,216,1067,2678,980,839,1198,1409,2051
529,1206,1627,162,1459,2192,935,1804,720,1154,1873
530,2079,904,530,278,3052,1644,2962,2227,1061,3382
531,2065,1483,1048,2935,1520,411,1302,2254,1627,2164
532,245,1593,142,1406,1400,1475,629,2659,1042,1112
533,2763,2729,947,439,847,406,599,668,2380,246
534,675,3295,3337,27,3203,315,2142,921,1197,780
535,2607,1452,1813,537,813,310,1990,2307,3107,352
536,1627,934,1504,286,1682,1600,3109,3187,2666,3087
537,560,1859,158,2413,3198,2249,1898,1851,1638,2645
538,3247,1494,820,2537,58,2363,693,1646,2364,3344
539,3177,1730,345,2446,2329,69,584,2931,3234,513
540,178,713,1141,410,462,2744,1882,2957,3132,3136
541,615,2952,2793,1348,1467,238,1520,169,3155,156
542,3062,916,228,775,3139,89,387,2649,176,425
543,1887,1810,926,3068,612,285,1212,3191,2434,2916
544,2634,2795,2176,1465,593,623,452,2238,863,1536
545,1893,305,715,242,3017,145,625,2240,3396,3385
546,92,3115,1372,2952,1335,2584,1268,175,312,602
547,1948,204,2672,718,1763,2903,1583,596,1348,1367
548,1714,307,73,2283,533,3266,3305,708,2497,2311
549,3157,1287,1061,2845,113,961,486,2491,2011,1918
550,2488,166,509,3086,635,802,2924,415,2008,2486
551,2640,272,1650,3282,919,2701,3012,1668,2294,2728
552,2456,1372,1274,3326,786,1624,1583,603,2539,1476
553,1259,2347,2309,2433,1646,1659,1618,1889,629,679
554,2881,1357,97,1349,378,2230,3002,3064,27,575
555,2873,264,2857,814,282,281,1454,429,1128,697
556,841,2565,2202,712,1053,3260,2716,1643,1674,816
557,105,1233,1990,2455,2998,368,1163,2885,2125,878
558,1422,2748,1927,845,2296,941,1921,221,2036,3056
559,284,602,2057,3177,2964,2534,3257,3115,357,3357
560,738,436,2506,3198,2057,2925,1043,3319,619,2533
561,862,1476,2237,2812,447,1942,1307,3219,49,408
562,1314,1307,374,1319,318,3230,1699,1333,2718,1063
563,40,2243,3265,2392,904,3358,692,81,906,3238
564,1358,830,2849,2508,1774,3257,818,244,3220,1516
565,1226,878,685,2345,2902,175,2660,1595,197,3277
566,1189,1993,3267,820,2514,1073,1133,373,1203,1426
567,2444,1477,1737,1868,662,2142,595,3247,452,2763
568,2625,985,2428,629,3170,504,2369,3008,1008,1197
569,2501,3112,3303,1912,443,3316,2702,1495,3002,2483
570,2364,939,126,3012,2595,2926,3051,947,1693,1341
571,908,683,3043,1053,707,3287,1097,3051,2447,2290
572,423,2937,1627,652,1413,177,3335,3139,2701,495
573,2821,2875,3218,2253,115,1344,961,2864,3136,1114
574,260,236,2499,1595,1128,2206,188,1261,2779,258
575,1731,2938,2669,1561,2030,2050,514,1761,1074,2902
576,773,657,2874,2370,3071,952,2176,925,2858,2645
577,1292,829,911,1223,1877,1431,1530,1353,1394,2812
578,2779,2939,171,84,285,1974,1885,3031,2364,2155
579,53,1305,3281,1235,1076,1879,1560,896,3089,2160
580,1718,2188,1472,2468,1664,1427,2227,1629,1271,2688
581,2570,477,1682,1708,2675,132,539,2226,2529,1261
582,2434,970,3177,2802,350,2762,478,3165,1340,1515
583,628,1358,2436,2993,1136,2073,2331,184,1720,3114
584,761,2061,2358,764,961,840,938,648,3398,2363
585,376,3234,2975,2188,579,2670,3265,3210,1259,688
586,3350,336,3189,1214,2737,1850,3236,1127,1074,251
587,1721,2309,2637,956,1445,1539,442,727,2970,2164
588,2535,3165,3072,1849,951,3100,3223,2474,725,366
589,1880,2013,2475,240,1307,2106,471,2004,1872,28
590,44,2770,1587,3154,1451,2013,769,1797,2520,1323
591,2626,3219,272,2300,2348,861,2081,459,1096,1913
592,1532,308,2268,3171,1929,1277,1295,2890,2297,865
593,396,2262,1093,1351,1581,1250,142,3257,3126,1220
594,2417,771,3160,281,1936,2150,2268,1568,3281,963
595,2788,2715,2047,1981,1806,3279,1989,364,1595,198
596,306,53,620,962,1808,398,2878,2341,1405,2733
597,1250,2792,1958,2729,1736,2641,1147,405,3235,2437
598,193,1471,3064,361,3353,3125,881,2279,551,1361
599,1192,1945,2447,2748,3387,149,2612,3157,3354,1388
600,2337,80,1802,3,1661,2734,219,891,2466,2113
601,1726,2467,2477,213,1157,85,384,3192,444,1234
602,3274,517,2449,2523,327,980,2462,1026,2936,3343
603,2258,1153,1902,3053,2621,619,1976,1508,1449,1217
604,2623,2639,455,885,152,898,1189,1088,3086,1017
605,2224,2828,2958,2416,1007,1647,2171,2322,666,363
606,2202,2737,3133,2844,2677,2709,1503,2961,404,396
607,3027,662,2888,516,249,3267,851,650,1520,57
608,534,2279,3158,200,1485,2738,2122,927,1369,225
609,1906,166,1278,1095,1489,895,2444,1222,106,337
610,2152,864,125,1607,2495,1756,2023,887,299,1653
611,315,1463,2135,761,254,3356,3065,52,1971,1452
612,2410,944,1,1217,155,973,3160,35,741,1060
613,1995,3206,3146,553,449,1886,563,434,3177,1210
614,507,3074,2895,1546,469,1080,68,3076,195,1505
615,1774,2509,2209,911,3023,2553,2504,3307,560,2399
616,1944,2221,2651,471,2834,2893,3008,3061,1394,1223
617,1218,149,37,3116,660,2616,1396,2637,1957,2281
618,2229,1092,2072,1194,2418,2706,254,1128,2485,1826
619,1559,2480,2667,483,1163,3366,1821,2091,1655,901
620,617,1598,1280,2387,1733,2507,1564,963,208,1974
621,2642,2409,506,2351,1466,2597,1275,740,3143,81
622,2787,2620,3067,514,1801,2486,1741,198,2160,2356
623,1017,2915,3135,1600,851,6,748,669,3100,239
624,1563,190,1422,2089,1172,2055,987,1656,2003,2599
625,1011,1841,213,2277,128,1233,2250,411,2913,2639
626,456,498,974,2151,3214,1413,1446,216,1973,1277
627,2923,1783,2676,266,3269,88,2314,2657,3346,1695
628,3000,1819,2431,2306,1649,1093,3273,2818,881,1163
629,1810,779,7,2983,2334,1158,2934,2006,1001,463
630,3385,1868,1371,2592,1522,1821,2152,2524,1981,1353
631,2152,2536,1680,2048,972,2887,2515,2105,2020,3384
632,2108,1877,2620,1757,202,1059,1774,516,1262,3120
633,1956,2274,2271,3389,3344,681,2799,1723,3099,430
634,992,714,718,1473,2163,174,2945,2206,1770,540
635,3042,3215,3367,3140,2573,1638,119,1724,2986,1410
636,1291,255,931,1757,2177,1501,2739,1001,2684,178
637,3099,846,313,1749,150,2749,39,71,3090,845
638,2016,2400,1190,2655,2479,802,1368,1163,2933,1971
639,354,426,2484,2446,3382,2067,666,1799,991,2590
640,1626,757,89,2288,2558,1569,3369,2915,989,843
641,1136,1077,1597,167,808,3083,2744,404,488,539
642,1102,629,2148,1640,2477,2649,2018,2211,241,3185
643,2353,1647,2815,185,1936,126,1453,995,3080,1028
644,1106,840,2235,3252,29,2440,1945,3188,1294,161
645,2653,1399,584,2987,2154,990,2041,995,3191,1712
646,3285,194,2729,2507,1035,1367,3124,368,1050,1495
647,904,2016,732,282,9,3046,406,532,2420,1928
648,3289,1079,2392,3169,1408,2260,2641,1694,3127,51
649,3174,22,2046,3264,1356,1607,1993,471,2818,771
650,1232,2425,810,1226,1956,1329,2751,1335,1174,1380
651,3367,2090,2732,3310,2289,2383,1769,735,1627,462
652,188,2597,153,2198,2390,394,3039,1453,1665,2673
653,890,2301,3243,1535,1656,103,2377,109,37,765
654,1999,2518,928,1449,3265,1114,1818,2828,2936,843
655,3110,1451,943,1027,680,132,2799,630,693,1224
656,2360,1021,882,2345,2050,892,938,2938,1338,1865
657,2387,562,325,2781,1273,3375,3023,2718,780,448
658,1718,439,2204,1105,1127,867,2720,1950,809,1953
659,900,208,488,2120,1758,2978,947,2677,2000,3384
660,654,2678,312,2259,1598,2576,2065,697,346,1698
661,2467,998,2771,3225,1731,1299,2359,1349,589,2596
662,2130,801,1929,432,533,2335,422,2551,2679,1689
663,169,210,2327,609,983,2538,765,328,2507,1680
664,1749,3336,1591,1455,1221,1309,603,751,246,849
665,2365,1211,2713,2578,2544,1940,531,2809,3328,197
666,256,3384,1648,1243,1919,261,3297,2682,357,168
667,1092,3187,380,3314,2065,997,2384,2541,302,878
668,1301,1289,3216,845,1782,2669,1760,508,2864,512
669,217,2787,1799,179,289,2275,974,2112,1371,3262
670,2904,2969,3187,2936,782,303,2494,766,1659,672
671,2685,3389,3142,2031,2876,2014,1213,1527,870,1805
672,22,3295,2811,400,2700,794,3332,730,26,2049
673,1503,12,158,2913,1765,388,3143,694,3337,97
674,224,2784,2725,163,612,1989,275,913,3111,2993
675,2255,1945,2021,2997,3315,836,3130,213,2220,2880
676,311,506,2461,1379,1389,113,1998,1218,1679,832
677,1550,3381,809,1130,2648,911,218,2560,2983,2027
678,2663,1079,2580,2803,1259,2064,3160,1263,2985,3135
679,288,2153,2701,2106,2188,1200,3358,1653,2210,2378
680,857,3316,752,695,1643,2438,3329,2568,535,3029
681,955,612,2675,698,3097,2073,2159,2356,1523,2883
682,2219,2654,983,259,3373,913,801,954,583,911
683,324,3390,712,1143,3257,798,3314,330,1145,979
684,1104,1091,1842,6,1792,2088,861,1528,1305,3221
685,3349,1633,1353,1439,326,2176,2517,1326,483,1820
686,3135,1486,2725,2276,1248,2909,2664,2052,3354,1594
687,3068,875,1788,3116,2631,3307,538,405,1943,2502
688,2555,2186,803,2834,2658,2330,3093,1683,604,924
689,2672,1600,1927,205,3232,684,53,254,938,352
690,425,180,1697,2769,2895,2849,998,505,1932,961
691,1753,462,3008,1660,3029,2577,2411,3296,2917,3129
692,2449,2308,1958,2626,2543,1109,1990,2043,1625,3218
693,2528,2776,1648,991,701,1031,3135,549,1947,1355
694,2601,2652,1662,1666,3358,3380,1338,3311,1684,2350
695,975,3328,1152,1799,734,923,2862,3331,2113,353
696,369,2611,716,1284,2330,2256,2509,604,2466,73
697,2995,2736,692,1490,162,1277,1873,2914,1148,2545
698,278,3169,163,2017,2940,2348,88,2409,1335,423
699,3049,3007,608,2444,3282,1383,1810,2526,562,1867
700,2264,1077,298,2475,2870,2164,3127,785,1114,847
701,2884,295,993,2078,700,2679,2927,212,1603,2989
702,83,545,1418,935,121,3029,2110,2567,2332,566
703,2147,1379,1476,2214,1738,1532,1715,2588,371,2212
704,2057,2256,1746,272,3021,3398,3365,671,1657,1138
705,3359,158,371,2953,128,1852,377,22,824,838
706,1447,3025,122,134,55,3227,1452,2482,1432,1370
707,2178,2491,2058,2739,241,1477,762,188,207,1447
708,2747,2958,2071,643,2,2727,2548,2052,1856,2838
709,1497,2682,1649,1825,3055,939,2607,2887,772,3222
710,3394,2959,1682,3374,2827,1832,2006,2048,1804,1828
711,2402,1772,2036,2954,629,3208,3098,2618,1451,773
712,951,218,791,1792,685,2659,3040,3301,916,3139
713,1293,2684,738,1909,381,310,2072,486,559,2408
714,278,1545,2327,3385,898,2280,1182,554,434,1791
715,620,2421,1252,941,1425,44,1774,2013,1490,2454
716,1578,1288,1029,1638,120,908,1945,1202,2535,423
717,1793,764,794,2371,901,2826,349,1453,1783,2930
718,3245,137,3059,166,351,227,3324,3326,2727,1955
719,2505,2456,44,282,1670,2047,3325,2791,1592,909
720,393,1526,698,3063,1221,2499,1039,693,3224,1585
721,931,781,224,2016,1804,145,1173,52,150,1657
722,113,1093,2544,898,2236,2397,293,483,312,2055
723,1456,2245,1365,1177,2968,1875,528,120,3281,1541
724,3228,2738,241,2539,1239,1895,1138,708,2115,266
725,2620,1326,3270,3110,1712,2275,535,1176,447,2051
726,1735,3154,821,1238,1662,2812,348,2354,36,1527
727,264,1528,822,504,128,2636,1526,877,2144,1541
728,1755,1375,484,1783,1487,2376,1625,2015,1386,1582
729,2643,291,2179,2483,1979,920,2120,1339,858,1267
730,874,2311,2944,729,914,120,2545,2982,1495,48
731,382,3378,2963,2397,1975,326,112,2016,310,1319
732,2221,185,705,1923,190,1708,460,3063,2097,3030
733,2484,1664,1504,697,238,2332,2239,367,791,235
734,2612,2251,1196,2969,13,793,1846,1815,115,1653
735,3084,1062,938,1006,625,598,34,2128,2539,2383
736,2705,1893,2488,2908,3296,1171,3188,868,2232,3150
737,555,781,469,685,2755,42,2343,1934,1139,1413
738,1312,1458,2523,1424,1384,2692,1712,1668,438,1162
739,3090,2742,270,148,3149,2894,108,1142,1385,1106
740,904,3288,628,16,2954,2113,1092,1354,3302,2024
741,296,830,3277,1466,1278,704,92,1035,1852,1838
742,1007,1497,1932,2514,140,2044,2616,1537,1546,1715
743,253,1457,2500,535,731,2195,784,2626,902,455
744,692,2088,68,219,1768,1824,292,444,1949,1028
745,976,495,2761,2374,1479,2400,404,1124,739,1301
746,2821,754,53,679,631,218,2383,397,2320,823
747,1931,1909,2263,345,2749,29,3340,1452,2082,989
748,1133,432,59,239,54,190,476,1225,1720,584
749,1359,3214,1964,2890,3181,1778,3222,1233,2825,1116
750,1175,2256,1352,3041,150,2318,1944,1315,1601,1884
751,2715,2253,2703,2180,1762,2063,3040,1491,1914,953
752,1980,3098,1782,2797,1382,871,2357,1196,1631,2587
753,118,873,3186,2748,1752,932,971,2713,556,1200
754,365,2670,2088,3359,2822,2854,1523,1587,1705,1748
755,2779,1381,3153,1518,2505,2027,1744,2162,1539,722
756,1413,3399,2064,1641,993,1267,421,1372,2081,3034
757,1674,1170,2831,2678,1255,856,3184,1169,1035,1956
758,1264,2117,435,3362,3138,826,2309,901,2229,1071
759,328,2297,1769,1709,1720,1211,490,1804,2698,3132
760,2529,2167,158,2272,3370,1392,2880,3027,1509,2020
761,475,1798,1202,1036,2966,3322,1166,288,1525,217
762,2796,1799,3245,1688,1050,3248,879,2785,1059,1589
763,1997,1030,1949,1602,773,1968,1707,917,740,1527
764,648,3269,2205,259,1473,3026,3101,3366,2549,1125
765,1706,389,1046,2235,455,3295,1286,1233,2427,1790
766,251,2445,400,914,3043,1212,639,1227,2826,3105
767,1889,2018,1303,22,941,1264,2791,2552,934,1592
768,2561,2219,1736,3198,773,2246,3375,2148,2558,114
769,914,541,2881,598,1209,2029,590,3293,253,7
770,3260,1354,195,2465,1701,2684,970,117,1189,2994
771,737,1502,2120,1746,479,317,1186,3112,2643,2030
772,600,1146,2332,547,3094,352,333,2315,2355,754
773,693,2878,907,282,3238,3155,2133,2639,1781,426
774,2522,3322,1739,1592,1353,527,1594,1768,1579,261
775,980,3006,1218,1623,1598,468,1831,1797,1323,678
776,434,2909,331,372,1578,1497,3033,1033,865,638
777,512,1393,30,1194,633,430,2311,3175,964,2619
778,2211,605,1587,973,1862,946,2110,2686,285,1114
779,1298,2925,59,434,2824,1790,883,2260,2090,2944
780,593,318,2079,1759,2093,1469,166,478,3174,579
781,738,2763,219,1146,2914,2964,1960,1918,1515,3165
782,1201,1307,234,2231,1,62,1461,587,2618,216
783,66,341,2493,1542,445,2053,443,2668,1220,1204
784,3222,2447,2224,1721,1267,2230,1154,18,3264,1449
785,813,719,1582,3013,2956,656,2068,1573,614,1659
786,1367,486,3359,2247,2143,146,3065,1483,705,232
787,251,2922,2430,1999,1547,2788,1462,1056,50,1989
788,2776,1825,3397,2204,2090,538,289,640,2675,1461
789,1130,200,380,893,371,1335,1356,1113,3203,2308
790,1079,193,2856,1882,763,605,1754,504,119,2555
791,464,1923,1794,3163,1305,1605,2401,2553,218,578
792,672,468,77,522,2596,376,2594,1821,587,365
793,1865,111,2475,3142,1339,1827,960,2739,3013,3140
794,2845,860,2488,1925,2594,1636,1850,3139,2132,2435
795,3230,1438,1084,2515,1490,1834,3386,1586,2093,861
796,31,2935,253,3053,50,989,1497,3242,2883,510
797,678,3385,1145,558,689,23,2412,227,2358,602
798,3239,1819,2609,311,1806,135,2288,263,2345,1704
799,2541,2010,400,2030,639,3377,121,2718,647,185
800,3368,2536,1495,60,478,2959,2823,2562,2941,2353
801,1448,3286,285,1049,221,2638,1710,2569,2127,3165
802,1577,2931,2240,1911,2112,957,1220,1937,3014,3031
803,156,583,1727,1595,2781,1920,1402,1166,117,2218
804,1752,2902,348,3250,1041,2470,2839,1757,2037,1669
805,803,939,2799,8,2425,3173,3285,3212,127,390
806,650,3262,1827,592,2022,129,851,2193,1877,675
807,2738,804,410,750,2656,1472,597,1568,2800,3244
808,18,2446,3172,2583,3041,3033,3331,1655,1015,2941
809,92,1418,2280,2872,2843,2928,2837,454,2239,1120
810,326,2272,2949,2968,959,3238,496,1381,841,2195
811,7,2038,3049,2829,3071,340,1541,3064,569,1140
812,377,64,3109,48,2130,3093,52,1048,2439,1264
813,1977,1477,2892,871,77,2845,690,2017,93,64
814,434,2349,200,3342,3204,2803,1238,2982,2878,2983
815,938,2019,2298,2949,3177,45,255,1045,3277,907
816,3329,2540,272,2977,2551,927,1651,722,1192,1430
817,263,2350,978,1525,1961,1445,1499,1429,1602,236
818,1435,2302,303,3266,2397,673,3331,1961,2681,3132
819,3398,626,149,453,2921,1133,3365,3052,1306,2676
820,2895,298,2242,1157,172,829,1946,827,2654,2145
821,2718,3216,2469,3186,1321,2692,2489,2879,2373,2804
822,2851,1620,3095,2199,2440,2786,1265,1279,1917,2995
823,1889,855,2957,134,2841,315,2963,1231,2058,3122
824,1996,2757,1461,1698,404,2797,3149,536,154,52
825,1361,2248,485,432,1572,947,70,2703,1047,3005
826,2695,1408,2035,1619,1810,1507,2974,1372,2952,2957
827,1885,1873,764,2988,1090,2554,26,288,898,3272
828,1145,2380,62,2954,3222,1444,1939,2621,1168,3357
829,797,670,1381,170,1550,976,3225,1333,2925,2215
830,2914,111,1382,724,602,396,3116,2522,2009,2842
831,1870,2225,689,3275,3093,1282,1522,2309,501,3156
832,2211,1767,413,2572,2233,1515,500,398,1859,2929
833,2624,2661,1019,1442,739,1256,242,594,1572,3348
834,2335,2736,1135,90,1051,2608,2235,2110,2470,3366
835,2433,1005,225,761,211,3026,579,1086,2580,3085
836,2883,197,3310,2525,2540,245,1908,216,1974,3017
837,2195,2752,2040,2657,1921,2148,2273,3283,2708,477
838,2398,2131,1986,1332,252,2017,1430,2314,2186,1271
839,823,2041,1040,985,1098,1274,2872,1758,1709,2016
840,1325,636,2848,1176,3289,279,3116,342,2665,3246
841,2861,803,2127,100,880,1299,2635,54,2944,2773
842,1851,1082,1811,619,285,2152,2252,1636,3281,1055
843,499,88,2807,2231,1723,129,1544,2101,1303,1800
844,3218,3276,1091,2378,1041,449,970,1057,2025,2531
845,1980,498,3272,980,1522,742,1855,2305,603,1302
846,767,1641,2868,19,698,2587,595,571,2398,184
847,340,295,2189,452,1844,1344,3152,2399,1006,3295
848,1035,679,1500,3067,1775,2871,1642,2316,94,480
849,96,1850,2835,883,2973,3399,300,566,1937,1005
850,3225,3163,2602,1485,3141,1559,1236,2983,3099,631
851,2462,671,3262,1061,2326,543,2404,1050,1540,1774
852,5,1105,2967,3193,2802,1982,3305,2121,637,1810
853,1420,3381,2467,145,123,514,1884,2474,42,894
854,2943,1211,2773,1685,1963,1346,2910,658,2606,50
855,1535,2546,1204,1084,1400,1937,3135,1369,1231,1096
856,2999,1560,2117,1157,894,2642,1021,2080,318,188
857,297,2168,106,2215,2223,2553,1959,3233,2319,1070
858,1183,1847,2140,2162,2455,617,926,1259,731,1750
859,223,2387,1831,4,2932,2068,685,2104,1380,1022
860,1110,934,527,317,2075,2817,806,1741,491,2006
861,2309,710,2940,382,179,2937,724,1508,2813,1821
862,826,1624,1949,3174,2349,849,454,1158,1407,2110
863,10,308,252,2216,858,1692,2344,379,1538,1351
864,3232,90,1875,3013,2363,681,2277,1249,904,2541
865,405,3361,969,751,2269,246,1253,190,100,347
866,2351,1269,304,525,2951,1444,2911,917,3318,3115
867,1888,1898,2828,970,1332,386,1753,208,2903,1612
868,2690,1657,2431,2274,2649,714,691,2115,120,1812
869,2827,3201,1758,3031,1029,2508,1143,1782,1217,907
870,2610,2670,3171,2724,443,1780,1990,3063,297,1454
871,460,3085,634,2739,1603,1224,939,745,1954,2875
872,1075,2124,2764,3294,2052,742,220,2031,439,799
873,3362,2463,905,2981,889,182,1524,3046,7,1985
874,1426,2481,1456,1971,2166,1233,2414,10,1738,786
875,1009,2875,1582,3389,76,2155,203,3287,2032,2518
876,1532,1432,2595,3182,2181,3034,2608,3240,1523,1131
877,69,1225,529,175,937,1961,1548,15,5,2589
878,5,599,1610,2633,827,2362,1039,1078,3305,946
879,3075,3096,1350,2272,3094,1032,1389,1003,3273,2554
880,2570,1618,1437,2959,2222,1802,317,592,2490,649
881,2817,1861,1732,1710,2675,2643,3230,1880,1281,1794
882,1369,3344,416,446,3287,3064,454,1235,1396,1848
883,800,761,1991,2187,60,814,1596,1128,2032,2912
884,3150,3080,518,1366,1861,2079,2633,3372,1845,1573
885,2634,1060,831,733,875,832,3339,1379,2421,3050
886,2620,1295,2253,1219,2436,772,1328,977,602,1534
887,1340,1777,1648,3190,427,240,1097,770,2003,676
888,2745,1086,2394,2924,195,2360,2824,3365,2523,2084
889,2761,1384,2022,1783,2279,2989,1992,1120,1791,2628
890,962,3362,769,2161,3295,1290,334,1124,2345,2958
891,190,1395,1681,719,3132,3036,2654,2960,3160,2672
892,3222,1032,1525,2060,2460,885,1791,3279,3398,459
893,209,950,832,2317,3010,3226,1732,248,2713,1905
894,102,216,2623,2533,1964,3369,3329,2085,1879,2008
895,1504,2928,2874,1685,2449,195,2758,1638,3224,2808
896,1705,1689,2851,1480,1065,2126,2634,2271,1262,2695
897,3216,630,427,2623,1530,1913,1498,2555,425,544
898,2873,1562,1883,2381,2945,2936,2781,2858,1361,2490
899,1338,48,3104,1033,1795,635,1974,2150,2293,2269
900,305,2697,3108,1567,870,356,1574,181,2909,3111
901,1505,2403,1041,2859,2151,2137,2996,680,2501,898
902,387,3320,2574,1221,1695,3055,1810,2356,3104,977
903,3297,493,1343,864,816,3017,427,856,430,2415
904,2559,2720,1420,1007,3048,2037,2385,77,3235,944
905,766,2973,1483,731,2981,3175,3267,300,3387,182
906,2709,386,2593,3190,1176,946,1824,2828,2622,1009
907,834,2992,2397,1775,129,1460,2637,3379,1461,1210
908,892,921,2034,2463,647,872,2393,2374,1584,857
909,2719,448,50,1786,2749,1670,1317,733,465,82
910,1667,1549,678,1033,169,1989,1929,3165,1237,1588
911,2614,854,976,1095,385,1401,1375,1068,1545,1486
912,1373,1336,370,874,679,3242,1454,2691,2086,485
913,2679,1825,2986,2204,1859,2572,3146,1693,549,2796
914,2052,167,3208,392,1338,801,783,3158,2148,2658
915,120,1226,1152,969,1724,382,2919,1237,2998,1727
916,1676,1976,2269,172,3076,2144,447,2836,2082,50
917,347,2909,2293,2570,541,1038,1530,1450,2801,2902
918,4,1970,257,2157,238,1283,352,2959,3038,788
919,321,1829,1202,871,403,1172,1024,1092,139,1736
920,1627,2262,880,2605,1464,2092,413,429,378,2954
921,48,119,2902,1909,646,2477,2701,368,2106,1037
922,1333,191,2076,572,332,1899,1463,568,2278,1909
923,2548,2861,1090,952,1404,1946,946,1562,2326,134
924,1842,2223,176,1822,2896,111,637,1054,1861,2693
925,2004,1146,3250,1220,1638,1881,1063,2416,3034,426
926,865,2790,1653,1885,889,1789,3313,2281,3186,1462
927,1238,1394,1744,2171,2573,2775,2845,36,1852,1836
928,62,1799,484,1507,3291,2693,844,663,1691,2640
929,3161,309,832,1237,2949,254,861,1935,1465,506
930,2804,2746,785,699,509,890,347,3145,2541,1324
931,3010,2687,3280,2854,410,342,868,241,371,90
932,2190,3372,2448,1920,174,2957,923,1405,103,18
933,3187,2433,298,340,2159,2069,1865,591,3178,2581
934,604,638,3022,2617,281,1756,807,356,1532,2353
935,2880,482,1726,3211,2009,1401,1087,1756,2983,1785
936,2730,2801,1324,1927,3137,1248,721,28,2779,72
937,3009,2383,147,2921,1173,531,2866,886,3303,2149
938,3349,2406,623,594,1015,2265,197,1800,958,1742
939,2986,852,2590,3009,308,36,1355,2186,3378,1187
940,2786,1433,990,586,1994,3137,143,2607,2619,2932