Round,TrainLoss,TrainAcc,TestLoss,TestAcc
0,3.96431218,0.0533,4.00321489,0.0562
1,3.90318882,0.0655,3.96732598,0.0582
2,3.83301677,0.0554,3.78356675,0.0582
3,3.84669900,0.0539,3.87381287,0.0597
4,3.76889641,0.0564,3.77412830,0.0554
5,3.73191489,0.0601,3.85739021,0.0567
6,3.68785735,0.0469,3.63555589,0.0626
7,3.64019405,0.0543,3.67578431,0.0596
8,3.69400376,0.0503,3.61043640,0.0596
9,3.67352582,0.0531,3.60714177,0.0567
10,3.71659539,0.0482,3.67939769,0.0648
11,3.67851681,0.0686,3.65371794,0.0757
12,3.58534451,0.0693,3.59925959,0.0561
13,3.55452501,0.0878,3.57430354,0.2338
14,3.56373532,0.0907,3.50371562,0.1967
15,3.47202674,0.1060,3.38426720,0.2263
16,3.32713598,0.1485,3.27518518,0.2398
17,3.25990830,0.1852,3.13292882,0.2536
18,3.05280784,0.2250,3.02212400,0.2621
19,2.92913708,0.2461,2.91573417,0.3019
20,2.91860166,0.2883,2.74983837,0.3547
21,2.81756638,0.3029,2.73170959,0.3687
22,2.70289294,0.3319,2.58060066,0.3691
23,2.67258918,0.3452,2.54205371,0.3731
24,2.67807122,0.3451,2.37631078,0.4338
25,2.42694970,0.4018,2.31601092,0.4392
26,2.40266189,0.4235,2.26593681,0.4602
27,2.29751118,0.4395,2.29025359,0.4482
28,2.25569980,0.4595,2.10708412,0.5092
29,2.39756904,0.4154,2.09507802,0.4949
30,2.45327668,0.4054,2.08792985,0.4913
31,2.13862502,0.4842,1.91980450,0.5321
32,2.00322572,0.5151,1.87331467,0.5343
33,1.85856015,0.5364,1.91115617,0.5201
34,1.96019831,0.5221,1.78573616,0.5668
35,2.09821837,0.4890,1.72729081,0.5747
36,1.81878347,0.5182,1.73037141,0.5817
37,2.00160389,0.4967,1.59443014,0.5999
38,1.72336562,0.5738,1.60564832,0.5970
39,1.68388011,0.5704,1.58339759,0.6002
40,1.80329916,0.5575,1.54671422,0.6119
41,1.63802922,0.5574,1.50642985,0.6070
42,1.64979855,0.5969,1.43538605,0.6267
43,1.50391265,0.6226,1.37547780,0.6367
44,1.67297478,0.5677,1.35149472,0.6382
45,2.14037894,0.4841,1.43614920,0.6292
46,1.69095367,0.5655,1.33626225,0.6403
47,1.51408863,0.6011,1.27003101,0.6577
48,1.44535812,0.6234,1.30291866,0.6544
49,1.41121988,0.6243,1.24024442,0.6613
50,1.32860862,0.6494,1.21239384,0.6694
51,1.42076170,0.6239,1.25881421,0.6637
52,1.18375229,0.6750,1.15807429,0.6783
53,1.37371539,0.6426,1.17865655,0.6736
54,1.50312905,0.6107,1.15362841,0.6788
55,1.36814227,0.6364,1.18130137,0.6696
56,1.34121975,0.6245,1.16001149,0.6754
57,1.27958629,0.6517,1.25691677,0.6460
58,1.54696188,0.6010,1.11175890,0.6896
59,1.21098404,0.6671,1.15254894,0.6716
60,1.24831433,0.6809,1.08221188,0.7012
61,1.17994220,0.6719,1.15799575,0.6758
62,1.18444310,0.6741,1.06074779,0.6965
63,1.37607628,0.6270,1.03700598,0.7084
64,1.25860213,0.6805,1.03897332,0.7052
65,1.19847977,0.6819,1.00696331,0.7115
66,1.30479669,0.6367,1.00390736,0.7185
67,1.11196918,0.6844,0.98168413,0.7191
68,1.18619260,0.6879,0.99342741,0.7192
69,1.12984550,0.6922,0.99485917,0.6985
70,1.20638762,0.6712,0.97322334,0.7179
71,1.05386377,0.7113,0.95904042,0.7180
72,1.09756102,0.7023,0.96207234,0.7182
73,1.18780094,0.6644,1.00110037,0.7049
74,1.07295304,0.6980,0.93023705,0.7274
75,1.04947907,0.7207,0.94871969,0.7261
76,1.10517070,0.6907,0.97543006,0.7126
77,1.21004546,0.6674,0.92474180,0.7278
78,1.13617020,0.6850,0.91568409,0.7350
79,1.10239840,0.6901,0.90369095,0.7316
80,1.07285254,0.7082,0.94287235,0.7201
81,1.16181538,0.6773,0.87933423,0.7427
82,1.29966555,0.6644,0.89723436,0.7411
83,1.04158875,0.7064,0.88581080,0.7318
84,1.18221076,0.6721,0.87553760,0.7397
85,1.01697443,0.7118,0.85888849,0.7470
86,1.23125077,0.6691,0.88697601,0.7398
87,1.26687838,0.6488,0.87754275,0.7487
88,1.12584827,0.6883,0.87468463,0.7408
89,1.07255719,0.6937,0.83597501,0.7528
90,0.96132313,0.7258,0.83026736,0.7511
91,0.84094729,0.7528,0.86597528,0.7408
92,0.94551998,0.7311,0.82527299,0.7548
93,1.06480429,0.7208,0.82059028,0.7569
94,1.10289752,0.6957,0.85287319,0.7323
95,0.97875290,0.7233,0.82260269,0.7510
96,1.02072225,0.7266,0.81557871,0.7598
97,0.93193676,0.7439,0.81122972,0.7564
98,1.09948356,0.6968,0.87237247,0.7299
99,0.87110594,0.7518,0.79528192,0.7617
100,1.01878755,0.7043,0.82417112,0.7424
101,0.89929890,0.7456,0.83919492,0.7418
102,1.05901273,0.7007,0.88599830,0.7265
103,0.94489334,0.7267,0.89825699,0.7214
104,0.96634750,0.7280,0.84439702,0.7357
105,1.01442199,0.7104,0.78442908,0.7613
106,0.98544027,0.7112,0.78859909,0.7539
107,1.00747675,0.7128,0.81914764,0.7495
108,1.18133802,0.6844,0.81692369,0.7592
109,0.91069746,0.7368,0.78056862,0.7623
110,1.12200605,0.6891,0.83266227,0.7323
111,0.96593261,0.7209,0.78084465,0.7643
112,1.05861745,0.7183,0.77583914,0.7632
113,0.94694371,0.7377,0.80076577,0.7559
114,0.74671901,0.7861,0.78393492,0.7601
115,1.02265758,0.7188,0.88816372,0.7266
116,0.84739924,0.7408,0.81773184,0.7399
117,0.92795788,0.7324,0.77237989,0.7593
118,1.00724485,0.7186,0.79604928,0.7474
119,0.87784396,0.7310,0.76406879,0.7628
120,0.90323289,0.7456,0.88247553,0.7326
121,0.96929528,0.7118,0.74765634,0.7719
122,0.95570502,0.7184,0.78223400,0.7563
123,0.91038190,0.7415,0.74752908,0.7723
124,0.98372395,0.7303,0.74426341,0.7751
125,1.01345999,0.7177,0.73264968,0.7744
126,0.80013183,0.7662,0.73223049,0.7774
127,0.78600868,0.7674,0.73810132,0.7717
128,0.83190012,0.7617,0.79811873,0.7472
129,0.95522383,0.7161,0.74946083,0.7602
130,0.87810024,0.7428,0.76791222,0.7527
131,0.88394553,0.7308,0.80890286,0.7406
132,0.97182118,0.7154,0.76001032,0.7629
133,0.82908835,0.7619,0.72938477,0.7730
134,0.71307154,0.7827,0.72888757,0.7742
135,0.97472254,0.7206,0.82388133,0.7366
136,0.94882640,0.7243,0.71141463,0.7817
137,0.84922747,0.7679,0.73649825,0.7651
138,0.86295447,0.7562,0.81811229,0.7504
139,0.78948630,0.7662,0.75448371,0.7604
140,0.91606490,0.7321,0.74378498,0.7639
141,0.80062835,0.7822,0.74544406,0.7654
142,0.92792586,0.7341,0.70261152,0.7831
143,0.95421656,0.7137,0.72397761,0.7724
144,0.92369281,0.7407,0.78015315,0.7473
145,0.89502779,0.7309,0.69749176,0.7840
146,0.78270864,0.7697,0.72655335,0.7680
147,0.93344704,0.7250,0.72986494,0.7617
148,0.85396615,0.7556,0.69706866,0.7874
149,0.73239368,0.7915,0.68744238,0.7874
150,1.07804938,0.7029,0.70077606,0.7825
151,0.78079459,0.7732,0.68438373,0.7879
152,0.86016752,0.7517,0.70349329,0.7768
153,0.78631392,0.7640,0.69494072,0.7735
154,0.79130528,0.7557,0.70790730,0.7803
155,0.88267857,0.7428,0.67946785,0.7902
156,0.78364981,0.7910,0.71047271,0.7786
157,0.86068838,0.7420,0.68111860,0.7909
158,0.77733831,0.7618,0.68039370,0.7872
159,0.80628143,0.7692,0.67405485,0.7901
160,0.83685413,0.7614,0.68723539,0.7851
161,1.05641173,0.7021,0.67179306,0.7932
162,0.81364380,0.7779,0.67118215,0.7883
163,0.85072266,0.7498,0.68853264,0.7892
164,0.71119489,0.7996,0.68531812,0.7805
165,0.90417226,0.7412,0.66671792,0.7934
166,0.89161618,0.7508,0.66197267,0.7915
167,0.72383025,0.7944,0.67956696,0.7773
168,0.81083440,0.7490,0.66396742,0.7902
169,0.73963376,0.7906,0.73301362,0.7572
170,0.68590645,0.7930,0.71307603,0.7719
171,0.82166425,0.7583,0.66519594,0.7927
172,0.72866306,0.7857,0.69175558,0.7750
173,0.74302486,0.7852,0.67665525,0.7892
174,0.78873786,0.7742,0.68088715,0.7920
175,0.95842904,0.7296,0.68950647,0.7789
176,0.80479405,0.7607,0.66368408,0.7918
177,0.81257650,0.7503,0.68223817,0.7833
178,0.91057692,0.7328,0.65642256,0.7920
179,0.75098165,0.7934,0.65210518,0.7939
180,0.68858804,0.7891,0.69589231,0.7798
181,0.87325791,0.7618,0.65876095,0.7893
182,0.94312504,0.7310,0.64757092,0.7962
183,0.77208274,0.7811,0.63686575,0.7989
184,0.67351092,0.7930,0.64401647,0.7924
185,0.85422304,0.7513,0.67040520,0.7901
186,0.77543478,0.7746,0.63593819,0.7994
187,0.77893673,0.7791,0.63802661,0.7989
188,0.76047875,0.7762,0.69869942,0.7788
189,0.83634813,0.7524,0.64266865,0.7991
190,0.75789650,0.7812,0.65946194,0.7918
191,0.76444117,0.7707,0.65794118,0.7866
192,0.82557355,0.7561,0.67475926,0.7759
193,0.74228321,0.7768,0.64248685,0.7900
194,0.61062299,0.8173,0.67469219,0.7761
195,0.64179174,0.7997,0.64072716,0.7902
196,0.85195052,0.7572,0.64534615,0.7897
197,0.67885563,0.8035,0.63477358,0.7992
198,0.74155233,0.7832,0.66495596,0.7818
199,0.80386643,0.7659,0.64684332,0.7962
200,0.83435638,0.7615,0.63227205,0.7984
201,0.90920296,0.7488,0.62599273,0.8030
202,0.67501012,0.8015,0.61738613,0.8030
203,0.75600947,0.7805,0.71345736,0.7762
204,0.90311406,0.7400,0.63863424,0.7978
205,0.90858662,0.7291,0.63260942,0.7968
206,0.77647995,0.7696,0.63230396,0.7952
207,0.65122864,0.8020,0.62835799,0.7973
208,0.66913557,0.7940,0.61654456,0.8048
209,0.63818507,0.8111,0.63442102,0.7914
210,0.98526505,0.7309,0.65768617,0.7826
211,0.71869528,0.7951,0.69446745,0.7679
212,0.82738000,0.7644,0.63999179,0.7995
213,0.83045067,0.7627,0.67871349,0.7845
214,0.74742307,0.7726,0.63123696,0.7909
215,0.68928410,0.7879,0.62196911,0.8017
216,0.76885117,0.7763,0.61942688,0.7988
217,0.68892512,0.7905,0.65566034,0.7841
218,0.71109536,0.7943,0.61755618,0.8014
219,0.70570700,0.7953,0.61614773,0.8058
220,0.76989113,0.7707,0.64193970,0.7929
221,0.73291198,0.7905,0.64073623,0.7966
222,0.75971949,0.7801,0.62522333,0.8072
223,0.79553780,0.7665,0.62843894,0.7915
224,0.76453717,0.7900,0.64693641,0.7906
225,0.72618439,0.7838,0.64477163,0.7895
226,0.68538667,0.7986,0.60819779,0.8069
227,0.72317618,0.7882,0.60218120,0.8082
228,0.67103083,0.8264,0.62373710,0.7994
229,0.65865459,0.8053,0.63798515,0.7891
230,0.76288514,0.7741,0.60798352,0.8052
231,0.75106026,0.7861,0.62203777,0.7989
232,0.73354407,0.7789,0.63010803,0.7956
233,0.67372086,0.7969,0.61844988,0.8011
234,0.81893876,0.7657,0.64815713,0.7902
235,0.68846833,0.7955,0.60197241,0.8090
236,0.81277230,0.7530,0.59529225,0.8111
237,0.69435007,0.8017,0.65619597,0.7826
238,0.72806345,0.7799,0.60085659,0.8061
239,0.76556585,0.7946,0.64711134,0.7880
240,0.77909149,0.7707,0.59523724,0.8094
241,0.93321767,0.7317,0.59257553,0.8098
242,0.70579525,0.7803,0.62765023,0.7887
243,0.97026154,0.7223,0.59438732,0.8130
244,0.67323937,0.8007,0.61028965,0.8011
245,0.86168370,0.7470,0.59715692,0.8087
246,0.64663188,0.8106,0.61939735,0.7917
247,0.85071109,0.7531,0.59854033,0.8119
248,0.74184343,0.7806,0.61382600,0.8030
249,0.59437881,0.8261,0.59635272,0.8103
250,0.70926409,0.7853,0.61256900,0.8020
251,0.58430027,0.8224,0.61686361,0.7972
252,0.98114367,0.7148,0.58969236,0.8111
253,0.76634427,0.7782,0.60367657,0.8052
254,0.78362811,0.7755,0.59837982,0.8064
255,0.68693696,0.7960,0.59068536,0.8107
256,0.66467179,0.8072,0.61203225,0.7949
257,0.73849412,0.7723,0.63285097,0.7873
258,0.94756690,0.7242,0.60396053,0.7994
259,0.83143508,0.7598,0.59495147,0.8087
260,0.79718785,0.7508,0.62976726,0.7948
261,0.53633552,0.8306,0.61442914,0.7988
262,0.70254751,0.7954,0.59500932,0.8075
263,0.66443908,0.8024,0.60617671,0.8074
264,0.53564779,0.8332,0.59642480,0.8039
265,0.65855901,0.8061,0.70413564,0.7662
266,0.78824556,0.7662,0.61694272,0.7994
267,0.72146899,0.7757,0.59709582,0.8060
268,0.61943999,0.8203,0.58810996,0.8094
269,0.47864048,0.8516,0.60634609,0.8037
270,0.85595532,0.7607,0.58490432,0.8112
271,0.61770876,0.8165,0.60870907,0.7985
272,0.85826414,0.7558,0.58980576,0.8129
273,0.66836398,0.8002,0.59934760,0.8112
274,0.71506238,0.7863,0.59280721,0.8119
275,0.55782863,0.8464,0.57696029,0.8144
276,0.73632293,0.7792,0.58062251,0.8133
277,0.77822638,0.7681,0.58892767,0.8107
278,0.62862850,0.8057,0.59379267,0.8053
279,0.89626316,0.7483,0.58268736,0.8129
280,0.58840259,0.8288,0.58532121,0.8108
281,0.62195273,0.8191,0.58555491,0.8114
282,0.66931572,0.7940,0.59346967,0.8029
283,0.59035437,0.8211,0.59761387,0.8015
284,0.58383141,0.8232,0.57880597,0.8087
285,0.59370011,0.8198,0.56904758,0.8179
286,0.68784149,0.7904,0.62025830,0.7895
287,0.75324926,0.7790,0.57681327,0.8084
288,0.71538445,0.7931,0.57225322,0.8133
289,1.04115723,0.7044,0.56897026,0.8168
290,0.67280497,0.8099,0.56944411,0.8159
291,0.62469483,0.8187,0.57208023,0.8135
292,0.60667810,0.8250,0.57220894,0.8158
293,0.64138577,0.8155,0.57918815,0.8118
294,0.63029973,0.8219,0.61688910,0.7942
295,0.95228705,0.7307,0.56889735,0.8177
296,0.59650964,0.8211,0.58979483,0.8059
297,0.65329016,0.8115,0.58876350,0.8072
298,0.65767365,0.8025,0.64572796,0.7845
299,0.59743331,0.8295,0.65137639,0.7930
300,0.65821044,0.8005,0.63672850,0.7882
301,0.67377714,0.8030,0.61133931,0.7948
302,0.56977809,0.8266,0.61400960,0.7962
303,0.62837525,0.8030,0.58879558,0.8090
304,0.63547927,0.8073,0.59008402,0.8041
305,0.63871780,0.8180,0.62210584,0.7928
306,0.73063770,0.8033,0.59498737,0.8012
307,0.54928386,0.8386,0.63062305,0.7890
308,0.84459463,0.7520,0.59054396,0.8010
309,0.52323295,0.8320,0.61227723,0.7948
310,0.76843916,0.7636,0.57698790,0.8079
311,0.62324545,0.8256,0.56233956,0.8179
312,0.69334053,0.7977,0.62635973,0.7881
313,0.54634928,0.8326,0.61089038,0.7968
314,0.72212850,0.7922,0.58369166,0.8127
315,0.70679127,0.7885,0.55358759,0.8194
316,0.68538688,0.8025,0.58956426,0.8025
317,0.65844439,0.7970,0.56087174,0.8189
318,0.59829313,0.8151,0.62577529,0.7873
319,0.61672423,0.8134,0.63134761,0.7868
320,0.68189443,0.7955,0.68509499,0.7786
321,0.78096942,0.7779,0.56345694,0.8154
322,0.58206267,0.8180,0.56507919,0.8131
323,0.60414379,0.8211,0.56744863,0.8089
324,0.78668890,0.7727,0.58161743,0.8066
325,0.52917021,0.8510,0.56629647,0.8163
326,0.69667043,0.7869,0.59667399,0.8051
327,0.71723446,0.7909,0.56483150,0.8129
328,0.76528299,0.7667,0.56381853,0.8148
329,0.65512931,0.7966,0.56059820,0.8122
330,0.59105298,0.8210,0.56786006,0.8143
331,0.66246904,0.8025,0.57076000,0.8125
332,0.59236412,0.8171,0.58328064,0.8037
333,0.75000542,0.7730,0.55559042,0.8162
334,0.58358664,0.8260,0.57608760,0.8078
335,0.75815855,0.7731,0.55234857,0.8183
336,0.67655379,0.7991,0.55279891,0.8166
337,0.64639072,0.8003,0.56648669,0.8108
338,0.66795772,0.7979,0.57091774,0.8123
339,0.59748916,0.8253,0.63016995,0.7850
340,0.59948966,0.8191,0.61115206,0.8026
341,0.68181111,0.7826,0.55785021,0.8201
342,0.51829209,0.8382,0.56150339,0.8156
343,0.72393654,0.7918,0.56129449,0.8191
344,0.59333970,0.8274,0.57387312,0.8110
345,0.57662717,0.8241,0.55025209,0.8211
346,0.60799923,0.8261,0.56760261,0.8125
347,0.89545435,0.7583,0.56100072,0.8147
348,0.58326823,0.8128,0.55922189,0.8159
349,0.58339691,0.8278,0.56660340,0.8073
350,0.58266022,0.8212,0.55887886,0.8156
351,0.64952126,0.8082,0.55485181,0.8201
352,0.97570609,0.7425,0.55865261,0.8188
353,0.81791842,0.7655,0.58262919,0.8044
354,0.65033672,0.8099,0.54539731,0.8205
355,0.71654809,0.7885,0.54492605,0.8196
356,0.73508643,0.7892,0.55767074,0.8105
357,0.76234118,0.7634,0.59169968,0.7924
358,0.61484878,0.8151,0.55108370,0.8153
359,0.72339582,0.7793,0.62693475,0.7857
360,0.66107900,0.7927,0.55960685,0.8146
361,0.75546845,0.7804,0.60909708,0.7931
362,0.56854223,0.8220,0.55696301,0.8158
363,0.53638538,0.8347,0.54726023,0.8156
364,0.61031244,0.8242,0.57942803,0.8076
365,0.53700501,0.8322,0.54096161,0.8197
366,0.60844288,0.7981,0.57010332,0.8141
367,0.61186635,0.8135,0.54329208,0.8197
368,0.69328914,0.7965,0.62379935,0.7876
369,0.56657010,0.8187,0.58267669,0.8068
370,0.61620729,0.8221,0.61665950,0.7968
371,0.62172969,0.8053,0.56763658,0.8159
372,0.84628198,0.7354,0.55958957,0.8161
373,0.59083626,0.8207,0.56171023,0.8156
374,0.70513049,0.7870,0.56876197,0.8099
375,0.67526655,0.8019,0.53334946,0.8269
376,0.58998079,0.8212,0.56381126,0.8161
377,0.63400677,0.8154,0.54553392,0.8236
378,0.65645567,0.8019,0.56070899,0.8097
379,0.70003865,0.7833,0.54098241,0.8208
380,0.58123790,0.8207,0.57079258,0.8057
381,0.43568440,0.8650,0.61187909,0.7968
382,0.49829679,0.8450,0.56269237,0.8121
383,0.64758590,0.7999,0.59640866,0.7979
384,0.85799445,0.7537,0.54577762,0.8188
385,0.59822034,0.8130,0.58524458,0.7984
386,0.65284495,0.8078,0.55949890,0.8112
387,0.72841897,0.7881,0.58677931,0.7961
388,0.68623638,0.7923,0.58464581,0.8000
389,0.64734357,0.8041,0.56189813,0.8181
390,0.67589311,0.7901,0.54278317,0.8155
391,0.59329269,0.8195,0.57998209,0.8019
392,0.69515330,0.7852,0.57895939,0.8002
393,0.64048930,0.7981,0.53982771,0.8184
394,0.59671995,0.8258,0.54587723,0.8144
395,0.67060976,0.8045,0.53958995,0.8206
396,0.55348885,0.8309,0.57535071,0.8107
397,0.69332596,0.8130,0.53910624,0.8210
398,0.62430627,0.8027,0.60238624,0.8010
399,0.70023084,0.7976,0.53605621,0.8197
400,0.65917620,0.8133,0.54886853,0.8131
401,0.53226128,0.8330,0.57047804,0.8098
402,0.66868535,0.8000,0.53995869,0.8234
403,0.69700394,0.7889,0.54764649,0.8229
404,0.71156121,0.7945,0.52973813,0.8251
405,0.56999860,0.8325,0.52719879,0.8273
406,0.65391109,0.8139,0.54104260,0.8207
407,0.63824635,0.8004,0.55932971,0.8044
408,0.65405135,0.8146,0.53791132,0.8149
409,0.58498594,0.8274,0.53640461,0.8234
410,0.57578948,0.8281,0.53870709,0.8226
411,0.62682096,0.8189,0.52547638,0.8285
412,0.71895706,0.7997,0.54676080,0.8195
413,0.55314035,0.8242,0.55963788,0.8144
414,0.63320059,0.7935,0.56651047,0.8058
415,0.62367365,0.8086,0.55967763,0.8094
416,0.66445322,0.8052,0.56819521,0.8075
417,0.63373138,0.8116,0.52699213,0.8268
418,0.51548717,0.8483,0.53137772,0.8243
419,0.79797953,0.7685,0.52658391,0.8276
420,0.62159157,0.8093,0.52402920,0.8286
421,0.61215797,0.8100,0.55044645,0.8145
422,0.62494466,0.8218,0.55662598,0.8119
423,0.57538124,0.8187,0.59356524,0.8028
424,0.53130290,0.8365,0.52591229,0.8240
425,0.57482709,0.8409,0.54126350,0.8181
426,0.63427886,0.8203,0.58245871,0.7994
427,0.84542161,0.7552,0.52678947,0.8213
428,0.67106898,0.8040,0.56731108,0.8038
429,0.57391047,0.8329,0.55677755,0.8072
430,0.71472012,0.7972,0.53947142,0.8165
431,0.70363665,0.7916,0.52259801,0.8270
432,0.56078247,0.8273,0.54244964,0.8166
433,0.63505848,0.8100,0.54380859,0.8086
434,0.67163701,0.7847,0.53257334,0.8164
435,0.51214441,0.8394,0.54537609,0.8132
436,0.44199887,0.8620,0.60212938,0.7938
437,0.63163260,0.8085,0.54253074,0.8133
438,0.69651311,0.7910,0.52589786,0.8258
439,0.66740622,0.8162,0.53334546,0.8212
440,0.71915973,0.7898,0.57964346,0.7999
441,0.59044484,0.8148,0.54077335,0.8177
442,0.48454045,0.8447,0.57678480,0.8070
443,0.68206727,0.7984,0.54180108,0.8181
444,0.51245225,0.8475,0.57006975,0.8068
445,0.68935968,0.7889,0.52767651,0.8242
446,0.57722911,0.8300,0.54054226,0.8147
447,0.62686603,0.8035,0.52615624,0.8230
448,0.50871912,0.8356,0.56094877,0.8109
449,0.68632582,0.8128,0.55582199,0.8150
450,0.67398371,0.8036,0.52997126,0.8186
451,0.66043891,0.7966,0.53381393,0.8224
452,0.51469254,0.8444,0.54086923,0.8253
453,0.67629745,0.7869,0.52738847,0.8267
454,0.60186040,0.8169,0.53284288,0.8237
455,0.57257325,0.8216,0.55471766,0.8200
456,0.61286836,0.8236,0.61380398,0.7961
457,0.57819820,0.8267,0.62608138,0.7915
458,0.60925609,0.8060,0.52826932,0.8257
459,0.70777851,0.8079,0.52997954,0.8230
460,0.65837684,0.8055,0.55599227,0.8113
461,0.53108032,0.8331,0.51758443,0.8302
462,0.65915982,0.8091,0.54116405,0.8162
463,0.51723541,0.8461,0.51376032,0.8310
464,0.57166344,0.8211,0.60157430,0.7967
465,0.55732003,0.8231,0.54597620,0.8097
466,0.61195329,0.8107,0.57507960,0.8061
467,0.71661694,0.7937,0.51779631,0.8271
468,0.66157401,0.7930,0.59480630,0.8003
469,0.70439472,0.8001,0.52806043,0.8259
470,0.54533168,0.8306,0.51941400,0.8278
471,0.80063446,0.7776,0.53920922,0.8222
472,0.71249674,0.8008,0.52871774,0.8256
473,0.55713810,0.8294,0.59245258,0.7973
474,0.59829899,0.8214,0.55558126,0.8110
475,0.48407219,0.8429,0.52769399,0.8249
476,0.54911759,0.8442,0.54555994,0.8189
477,0.65767272,0.7905,0.51214789,0.8311
478,0.56713372,0.8188,0.52720243,0.8244
479,0.69842847,0.7821,0.50929966,0.8313
480,0.71351936,0.7917,0.53985577,0.8188
481,0.59872286,0.8167,0.57237834,0.8121
482,0.68570146,0.7888,0.53560029,0.8222
483,0.65869291,0.8193,0.51356994,0.8277
484,0.55468334,0.8335,0.53531028,0.8219
485,0.70229476,0.7960,0.54219191,0.8168
486,0.64072345,0.8037,0.52061630,0.8216
487,0.60319356,0.8082,0.51960000,0.8256
488,0.55456986,0.8310,0.59560828,0.8028
489,0.52913008,0.8381,0.50878859,0.8302
490,0.59504239,0.8128,0.51083507,0.8305
491,0.58606648,0.8183,0.54343050,0.8139
492,0.59517884,0.8199,0.51842969,0.8242
493,0.68515013,0.7925,0.50979197,0.8297
494,0.68637797,0.8075,0.51852599,0.8267
495,0.48966235,0.8587,0.59365822,0.8014
496,0.58590022,0.8230,0.50604949,0.8319
497,0.61961288,0.8314,0.62062883,0.7916
498,0.59128081,0.8109,0.54561347,0.8138
499,0.60745457,0.8193,0.53648390,0.8255
500,0.70573324,0.7872,0.53420446,0.8221
501,0.60244295,0.8351,0.50008153,0.8340
502,0.50389614,0.8406,0.50570923,0.8320
503,0.60407604,0.8198,0.52251814,0.8277
504,0.59500273,0.8250,0.50872886,0.8305
505,0.71902198,0.8018,0.50179121,0.8320
506,0.55309719,0.8282,0.51996231,0.8226
507,0.73408892,0.7904,0.50160087,0.8318
508,0.58858699,0.8224,0.50465991,0.8319
509,0.56034130,0.8318,0.57023347,0.8076
510,0.55945444,0.8247,0.52614287,0.8218
511,0.60579933,0.8117,0.51096495,0.8271
512,0.59694525,0.8220,0.52442792,0.8189
513,0.55559583,0.8283,0.56509272,0.8044
514,0.67491180,0.7900,0.50693391,0.8267
515,0.75558968,0.7931,0.52671408,0.8181
516,0.58063218,0.8308,0.53743737,0.8145
517,0.63614169,0.8131,0.51063618,0.8295
518,0.57507016,0.8168,0.52972996,0.8209
519,0.49874284,0.8525,0.51744255,0.8273
520,0.60637523,0.8164,0.50600065,0.8292
521,0.51589227,0.8417,0.49916502,0.8327
522,0.83393531,0.7858,0.51001245,0.8324
523,0.47396071,0.8593,0.51018202,0.8291
524,0.73425456,0.7922,0.50864365,0.8298
525,0.67708351,0.8020,0.52261590,0.8225
526,0.52622536,0.8374,0.50603553,0.8294
527,0.59316643,0.8265,0.53876121,0.8173
528,0.46698627,0.8570,0.57459830,0.8070
529,0.56702811,0.8327,0.52086631,0.8268
530,0.75632684,0.7820,0.51059383,0.8297
531,0.57591418,0.8320,0.52962940,0.8222
532,0.60827878,0.8284,0.57222783,0.8087
533,0.57637278,0.8116,0.58171861,0.8102
534,0.57629685,0.8263,0.53130531,0.8234
535,0.51588844,0.8429,0.51379124,0.8313
536,0.59282675,0.8153,0.51462344,0.8269
537,0.55310033,0.8314,0.52177399,0.8242
538,0.57385020,0.8264,0.50225478,0.8310
539,0.48784624,0.8490,0.52666921,0.8218
540,0.52436702,0.8340,0.57189602,0.8163
541,0.64544189,0.8176,0.58085109,0.8106
542,0.54148627,0.8381,0.52982221,0.8231
543,0.62724266,0.8051,0.52030818,0.8292
544,0.50422506,0.8523,0.54615151,0.8143
545,0.52244085,0.8418,0.56893919,0.8091
546,0.56880601,0.8347,0.58884142,0.8037
547,0.55429483,0.8364,0.50958771,0.8294
548,0.63739591,0.8060,0.52508894,0.8190
549,0.54595210,0.8324,0.53501042,0.8146
550,0.51923972,0.8333,0.50114661,0.8297
551,0.62824468,0.8149,0.50146931,0.8320
552,0.47577867,0.8529,0.50020901,0.8322
553,0.49218173,0.8381,0.51802903,0.8285
554,0.60024683,0.8201,0.58540615,0.8045
555,0.47847905,0.8487,0.51610161,0.8278
556,0.65597754,0.8034,0.55477061,0.8109
557,0.64058525,0.7993,0.49642187,0.8319
558,0.51007023,0.8317,0.49840817,0.8323
559,0.53790139,0.8371,0.51595115,0.8245
560,0.61514330,0.8239,0.53590729,0.8192
561,0.56042177,0.8334,0.53142418,0.8203
562,0.63494976,0.8135,0.52125166,0.8159
563,0.53808393,0.8354,0.50464466,0.8259
564,0.56552597,0.8276,0.53123929,0.8160
565,0.56457089,0.8208,0.51581934,0.8261
566,0.53998917,0.8339,0.51249110,0.8317
567,0.47676251,0.8494,0.54104010,0.8176
568,0.70805530,0.7867,0.51028254,0.8285
569,0.54487944,0.8402,0.55824086,0.8057
570,0.57259193,0.8243,0.51946566,0.8225
571,0.65935900,0.8025,0.50582664,0.8307
572,0.52100530,0.8454,0.51196125,0.8303
573,0.53942758,0.8341,0.56265431,0.8063
574,0.52830093,0.8413,0.49482416,0.8349
575,0.52675933,0.8464,0.49745049,0.8340
576,0.51974599,0.8442,0.58090440,0.8057
577,0.59281355,0.8176,0.51853736,0.8253
578,0.44166012,0.8656,0.52742086,0.8257
579,0.42966555,0.8687,0.50564481,0.8316
580,0.48619210,0.8493,0.51156017,0.8296
581,0.52564101,0.8447,0.53398865,0.8197
582,0.50831120,0.8491,0.50752236,0.8298
583,0.55239743,0.8188,0.55461513,0.8115
584,0.52973212,0.8284,0.50145139,0.8346
585,0.60425308,0.8164,0.52733580,0.8255
586,0.59267984,0.8173,0.50145455,0.8322
587,0.59320908,0.8304,0.49796556,0.8350
588,0.51027143,0.8414,0.52169035,0.8208
589,0.53672378,0.8360,0.50013959,0.8283
590,0.66611308,0.7993,0.49066150,0.8344
591,0.58762548,0.8248,0.48796436,0.8361
592,0.59412490,0.8106,0.53314894,0.8174
593,0.52928766,0.8298,0.50666323,0.8321
594,0.72723711,0.8000,0.48823240,0.8361
595,0.55977287,0.8305,0.54568706,0.8178
596,0.71650680,0.7889,0.49057873,0.8364
597,0.61020767,0.8188,0.50652623,0.8313
598,0.58625339,0.8157,0.49488102,0.8319
599,0.52265980,0.8454,0.50066666,0.8311
600,0.53516369,0.8411,0.54577762,0.8127
601,0.59684046,0.8161,0.49749093,0.8288
602,0.51716508,0.8389,0.49849592,0.8318
603,0.53131750,0.8255,0.61857188,0.7945
604,0.58254501,0.8214,0.49602379,0.8357
605,0.57305594,0.8304,0.49351602,0.8353
606,0.60875002,0.8178,0.58169235,0.8052
607,0.54997393,0.8338,0.50619136,0.8268
608,0.59808520,0.8090,0.54002591,0.8174
609,0.62757180,0.8139,0.50481902,0.8287
610,0.64754892,0.8011,0.50006166,0.8303
611,0.41892886,0.8629,0.60385393,0.7987
612,0.75569818,0.8038,0.51746010,0.8267
613,0.47743908,0.8453,0.58891082,0.8041
614,0.61026903,0.8114,0.49899173,0.8324
615,0.49214622,0.8567,0.49242975,0.8332
616,0.57861165,0.8263,0.49898543,0.8313
617,0.54265686,0.8274,0.50283144,0.8312
618,0.62480783,0.8153,0.49302492,0.8360
619,0.54171744,0.8446,0.52656833,0.8229
620,0.60030509,0.8183,0.50152943,0.8323
621,0.46947757,0.8593,0.48309225,0.8368
622,0.43990438,0.8624,0.55494511,0.8142
623,0.50191345,0.8406,0.50778160,0.8286
624,0.58138142,0.8228,0.52171418,0.8240
625,0.49356975,0.8500,0.55628896,0.8148
626,0.55147585,0.8268,0.48880234,0.8344
627,0.51770704,0.8348,0.49539596,0.8338
628,0.61086248,0.8191,0.50604188,0.8309
629,0.70599989,0.7978,0.49940440,0.8316
630,0.70175388,0.8034,0.49476859,0.8325
631,0.56582641,0.8263,0.50433662,0.8283
632,0.58850405,0.8308,0.51001259,0.8278
633,0.70159799,0.7941,0.52436438,0.8205
634,0.52291295,0.8371,0.48653271,0.8358
635,0.61466865,0.8198,0.53156772,0.8182
636,0.54000533,0.8381,0.53337750,0.8215
637,0.55049206,0.8285,0.48266300,0.8394
638,0.52196966,0.8417,0.50642056,0.8290
639,0.52069648,0.8331,0.50633907,0.8296
640,0.57137604,0.8266,0.57766365,0.8071
641,0.53751232,0.8228,0.49561481,0.8357
642,0.49830484,0.8446,0.52653094,0.8222
643,0.64813899,0.7899,0.55730628,0.8111
644,0.72722442,0.7945,0.48879271,0.8326
645,0.64318376,0.8020,0.50121853,0.8300
646,0.55527763,0.8242,0.54540148,0.8151
647,0.55288911,0.8248,0.50308496,0.8315
648,0.48318989,0.8435,0.49773608,0.8333
649,0.44006756,0.8626,0.49309354,0.8328
650,0.67343837,0.8102,0.49002338,0.8380
651,0.54670902,0.8371,0.48094837,0.8383
652,0.58205117,0.8216,0.51853806,0.8213
653,0.46784815,0.8525,0.48405007,0.8372
654,0.54760455,0.8372,0.59168022,0.8037
655,0.62340885,0.8158,0.50227374,0.8279
656,0.51244645,0.8412,0.50752479,0.8271
657,0.64495523,0.8031,0.48838261,0.8320
658,0.68891874,0.8000,0.50687645,0.8263
659,0.46562287,0.8496,0.49289951,0.8353
660,0.56920345,0.8229,0.50629300,0.8290
661,0.68818808,0.7878,0.48813435,0.8358
662,0.53704408,0.8395,0.52606662,0.8238
663,0.57932977,0.8289,0.51186293,0.8259
664,0.60437241,0.8092,0.48549166,0.8392
665,0.58926335,0.8211,0.50926791,0.8306
666,0.57428220,0.8317,0.51929842,0.8234
667,0.42174998,0.8627,0.50524765,0.8263
668,0.50350492,0.8452,0.54668515,0.8175
669,0.61635392,0.8162,0.48940346,0.8340
670,0.80446523,0.7758,0.47536892,0.8384
671,0.78358206,0.7732,0.52198323,0.8158
672,0.52568401,0.8372,0.51057811,0.8221
673,0.61171412,0.8111,0.49361605,0.8325
674,0.68376557,0.7796,0.48255528,0.8365
675,0.47102648,0.8569,0.58159876,0.8061
676,0.49708296,0.8401,0.47958739,0.8376
677,0.52990336,0.8433,0.48283558,0.8383
678,0.67148466,0.8003,0.49445734,0.8320
679,0.46002866,0.8635,0.49806591,0.8288
680,0.63013087,0.8094,0.48933153,0.8358
681,0.44952179,0.8549,0.55073391,0.8110
682,0.39866653,0.8775,0.59506142,0.8072
683,0.52386847,0.8588,0.59781857,0.8047
684,0.55900725,0.8317,0.49143203,0.8357
685,0.56158412,0.8342,0.48359710,0.8338
686,0.52574148,0.8431,0.47631299,0.8379
687,0.59695895,0.8219,0.48655743,0.8350
688,0.60842505,0.8175,0.54168097,0.8170
689,0.61321189,0.8191,0.51402389,0.8210
690,0.44980713,0.8589,0.49021160,0.8370
691,0.63537795,0.8130,0.51616690,0.8249
692,0.63918240,0.8101,0.47678866,0.8401
693,0.54558862,0.8362,0.48451790,0.8350
694,0.50204896,0.8339,0.53709349,0.8186
695,0.57209581,0.8231,0.49057479,0.8329
696,0.43082120,0.8637,0.49158251,0.8310
697,0.60189344,0.8037,0.48312436,0.8384
698,0.55304911,0.8341,0.48532787,0.8319
699,0.56069747,0.8235,0.48449625,0.8301
700,0.62244143,0.8093,0.50668727,0.8209
701,0.51126202,0.8510,0.54957706,0.8121
702,0.65146953,0.8248,0.48415588,0.8374
703,0.52379745,0.8364,0.48216994,0.8353
704,0.48960974,0.8509,0.60815929,0.8030
705,0.60177090,0.8196,0.52347482,0.8168
706,0.61258596,0.8161,0.53262264,0.8159
707,0.71354164,0.7847,0.48670603,0.8350
708,0.59927929,0.8292,0.47947893,0.8376
709,0.77458096,0.7688,0.53660822,0.8177
710,0.50280184,0.8504,0.46838187,0.8410
711,0.59887335,0.8195,0.48491820,0.8378
712,0.58198298,0.8277,0.51462199,0.8277
713,0.78966828,0.7893,0.54468672,0.8189
714,0.49735021,0.8520,0.51067814,0.8248
715,0.50295468,0.8428,0.52345051,0.8239
716,0.46683540,0.8488,0.55046142,0.8149
717,0.57149989,0.8288,0.48016248,0.8369
718,0.47957630,0.8608,0.49133203,0.8301
719,0.56449932,0.8068,0.50433870,0.8266
720,0.49945540,0.8463,0.58234169,0.8061
721,0.68326963,0.7994,0.54564203,0.8172
722,0.46935225,0.8525,0.49595564,0.8345
723,0.58035435,0.8285,0.49093345,0.8332
724,0.61971317,0.8336,0.49553030,0.8317
725,0.61579315,0.8045,0.52346800,0.8185
726,0.60319063,0.8068,0.58120757,0.8018
727,0.55791186,0.8196,0.47826186,0.8381
728,0.70133021,0.7999,0.47417906,0.8388
729,0.44708488,0.8602,0.52543030,0.8203
730,0.59520431,0.8293,0.47390000,0.8409
731,0.48867452,0.8480,0.48345654,0.8359
732,0.66730702,0.8156,0.50953688,0.8254
733,0.48089676,0.8438,0.57478525,0.8065
734,0.50393193,0.8474,0.57609269,0.8077
735,0.58388549,0.8280,0.48724966,0.8375
736,0.62114136,0.8112,0.52512111,0.8164
737,0.48466926,0.8625,0.58926801,0.8074
738,0.56050569,0.8330,0.50194519,0.8243
739,0.56228778,0.8185,0.46979246,0.8414
740,0.43602609,0.8583,0.61453390,0.8034
741,0.56662688,0.8249,0.53096300,0.8205
742,0.64722558,0.8068,0.52680529,0.8214
743,0.51279075,0.8453,0.55982834,0.8142
744,0.56592366,0.8309,0.54482761,0.8167
745,0.43504993,0.8728,0.58242812,0.8104
746,0.55068115,0.8253,0.47798333,0.8373
747,0.41769162,0.8715,0.62002144,0.7997
748,0.83121768,0.7673,0.47178984,0.8390
749,0.53703278,0.8354,0.49300462,0.8323
750,0.62856281,0.8118,0.47053366,0.8396
751,0.48558439,0.8515,0.47038639,0.8407
752,0.42122705,0.8683,0.54731265,0.8134
753,0.52252217,0.8309,0.47428387,0.8393
754,0.42456461,0.8589,0.47453522,0.8376
755,0.48528882,0.8497,0.47351307,0.8368
756,0.43199405,0.8571,0.50789606,0.8207
757,0.51574234,0.8341,0.53926450,0.8149
758,0.41180269,0.8743,0.49334434,0.8302
759,0.56392414,0.8269,0.48031675,0.8356
760,0.58538627,0.8218,0.52667542,0.8197
761,0.44721047,0.8763,0.48105039,0.8382
762,0.55031590,0.8199,0.49350793,0.8331
763,0.56567301,0.8326,0.48260804,0.8356
764,0.52044931,0.8371,0.53377741,0.8188
765,0.44441841,0.8630,0.55270782,0.8103
766,0.45910797,0.8573,0.52229314,0.8223
767,0.56401272,0.8209,0.46913311,0.8387
768,0.49321000,0.8541,0.55608234,0.8148
769,0.58587049,0.8237,0.51498205,0.8227
770,0.59199795,0.8299,0.47261479,0.8403
771,0.52326552,0.8390,0.55013580,0.8142
772,0.53666791,0.8360,0.49008128,0.8325
773,0.54682205,0.8302,0.49650986,0.8273
774,0.40795842,0.8694,0.53716462,0.8135
775,0.61819192,0.8328,0.51127788,0.8269
776,0.58354131,0.8343,0.50742719,0.8261
777,0.49117077,0.8385,0.55295331,0.8105
778,0.75053029,0.8073,0.47512975,0.8403
779,0.57667744,0.8294,0.52753313,0.8182
780,0.50623582,0.8377,0.47289727,0.8387
781,0.52992307,0.8429,0.56617867,0.8121
782,0.53789694,0.8362,0.50691515,0.8245
783,0.51855806,0.8227,0.46818467,0.8425
784,0.61177616,0.8228,0.47294946,0.8396
785,0.46334841,0.8550,0.50206832,0.8245
786,0.55606937,0.8400,0.46995241,0.8385
787,0.80359214,0.7804,0.47255090,0.8363
788,0.39267984,0.8819,0.53820074,0.8160
789,0.48675691,0.8512,0.53698260,0.8116
790,0.39472466,0.8705,0.49586881,0.8301
791,0.57931242,0.8331,0.63399668,0.7957
792,0.57791799,0.8195,0.48502770,0.8330
793,0.71814484,0.7840,0.47669596,0.8367
794,0.48337724,0.8695,0.46946486,0.8415
795,0.49391812,0.8487,0.55189524,0.8132
796,0.53921029,0.8416,0.71269062,0.7825
797,0.57678045,0.8452,0.48142310,0.8349
798,0.46649415,0.8619,0.56237651,0.8121
799,0.69061449,0.7982,0.46888501,0.8410
800,0.56406248,0.8195,0.47931918,0.8361
801,0.56338555,0.8263,0.46597419,0.8409
802,0.41844911,0.8705,0.49220560,0.8292
803,0.47369523,0.8572,0.47041701,0.8414
804,0.53313191,0.8408,0.48083915,0.8388
805,0.58212314,0.8319,0.53185064,0.8176
806,0.58060940,0.8180,0.48421209,0.8322
807,0.54799999,0.8300,0.46800511,0.8392
808,0.62167825,0.8210,0.46884799,0.8392
809,0.48427513,0.8519,0.63209532,0.7917
810,0.79436724,0.7864,0.48085286,0.8392
811,0.53424748,0.8341,0.51327579,0.8224
812,0.61270819,0.8279,0.49734369,0.8263
813,0.84128816,0.7844,0.46992736,0.8405
814,0.51200941,0.8415,0.49382569,0.8308
815,0.54228481,0.8396,0.49706542,0.8282
816,0.40600761,0.8730,0.51694953,0.8257
817,0.61135211,0.8143,0.47405409,0.8408
