Round,TrainLoss,TrainAcc,TestLoss,TestAcc
0,4.05399267,0.0479,4.10186674,0.0561
1,3.94117274,0.0558,3.94362061,0.0561
2,3.81656705,0.0621,3.75252474,0.0577
3,3.85156166,0.0454,3.84841074,0.0266
4,3.75508808,0.0522,3.75536550,0.0626
5,3.69882360,0.0611,3.90098376,0.1003
6,3.73599467,0.0453,3.68827814,0.0572
7,3.74451469,0.0570,3.75777055,0.0267
8,3.75996778,0.0458,3.67756473,0.0242
9,3.68026381,0.0586,3.64990862,0.0897
10,3.69029827,0.0537,3.61991730,0.0573
11,3.61442371,0.0668,3.59910070,0.0688
12,3.60410835,0.0633,3.58327624,0.0850
13,3.48652281,0.0789,3.56552053,0.0591
14,3.51309192,0.0851,3.54655646,0.0687
15,3.40337335,0.0907,3.50885939,0.1995
16,3.46251482,0.0890,3.46222497,0.2421
17,3.44861932,0.1054,3.41950096,0.1974
18,3.38531200,0.1426,3.34370508,0.2848
19,3.24164000,0.1774,3.19097887,0.3477
20,3.28645178,0.1880,3.08896384,0.3114
21,3.15303323,0.2204,2.97614265,0.3894
22,3.00560124,0.2625,2.80664072,0.4232
23,2.98450016,0.2901,2.70287565,0.3852
24,2.76612651,0.3307,2.50883005,0.4734
25,2.65611410,0.3503,2.39938690,0.4611
26,2.44084550,0.4254,2.38466140,0.4678
27,2.55907685,0.3904,2.27896673,0.4879
28,2.35945358,0.4614,2.17590293,0.4884
29,2.33947142,0.4538,2.10326483,0.4946
30,2.32417916,0.4507,2.10378688,0.4963
31,2.16632508,0.4882,1.98534369,0.5355
32,1.88531399,0.5578,1.95529383,0.5247
33,1.94529695,0.5252,1.93526521,0.5425
34,1.97167973,0.5300,1.80146839,0.5609
35,1.96292131,0.5162,1.77697360,0.5731
36,1.73292666,0.5852,1.82435128,0.5598
37,1.95726697,0.5222,1.79875699,0.5379
38,2.02077806,0.5007,1.69925322,0.5841
39,1.95007619,0.5111,1.63403384,0.5775
40,1.92223403,0.5193,1.62085542,0.5932
41,1.66817188,0.5735,1.59260477,0.5791
42,1.85348137,0.5417,1.50173952,0.6096
43,1.82600224,0.5373,1.50991116,0.6115
44,1.78588113,0.5530,1.42437744,0.6334
45,1.62836822,0.5849,1.40637311,0.6356
46,1.56616181,0.6120,1.39814691,0.6270
47,1.47777395,0.6265,1.37372943,0.6385
48,1.49093742,0.6055,1.36204880,0.6351
49,1.73120166,0.5507,1.35223335,0.6395
50,1.51224644,0.6059,1.29610792,0.6512
51,1.58173059,0.5936,1.31623693,0.6502
52,1.39977809,0.6480,1.27740523,0.6561
53,1.45015136,0.6173,1.26635771,0.6526
54,1.43485982,0.6289,1.23255670,0.6557
55,1.32956376,0.6484,1.20887029,0.6601
56,1.38681036,0.6396,1.22961707,0.6593
57,1.51209575,0.6027,1.17365841,0.6723
58,1.33292516,0.6426,1.18531167,0.6645
59,1.39690634,0.6426,1.15594857,0.6771
60,1.13614807,0.6879,1.12505092,0.6828
61,1.34516182,0.6586,1.13687272,0.6791
62,1.20239359,0.6742,1.09596249,0.6836
63,1.18877101,0.6755,1.08147205,0.6945
64,1.27010876,0.6566,1.10484751,0.6866
65,1.34831908,0.6360,1.18166337,0.6631
66,1.22614730,0.6834,1.05975894,0.6959
67,1.27912202,0.6681,1.05319642,0.7011
68,1.30863142,0.6475,1.09518032,0.6885
69,1.22130786,0.6632,1.02474874,0.7121
70,1.22675882,0.6581,1.03344356,0.7068
71,1.26826952,0.6767,0.99504634,0.7162
72,1.16280460,0.6828,1.03725413,0.7054
73,1.06923006,0.6974,1.01214628,0.6990
74,1.10980676,0.7040,1.02212792,0.6967
75,1.15358231,0.6879,0.99020590,0.7114
76,1.19994179,0.6754,1.03063277,0.6987
77,1.16702390,0.6997,1.01649374,0.6994
78,1.12550929,0.6855,0.99702116,0.7016
79,1.25552742,0.6593,1.05523558,0.6866
80,1.16863467,0.6918,0.97599628,0.7104
81,1.11786338,0.6987,0.91593638,0.7320
82,0.96912671,0.7271,0.91203341,0.7360
83,1.17011779,0.6840,0.91092108,0.7303
84,1.07254512,0.7054,0.91270199,0.7330
85,1.15171934,0.7026,0.90230319,0.7366
86,1.13730813,0.6780,1.00050570,0.7038
87,1.14485487,0.6889,0.89885338,0.7326
88,1.12099074,0.6945,0.92651341,0.7198
89,0.86966896,0.7547,0.88100749,0.7385
90,1.02495242,0.7190,0.88169574,0.7440
91,0.90805095,0.7510,0.88127602,0.7377
92,1.13768717,0.6890,0.90047569,0.7290
93,0.95885906,0.7450,0.87219537,0.7424
94,1.07982392,0.7002,0.89100835,0.7255
95,1.14384501,0.6776,1.02923012,0.7017
96,0.92950583,0.7328,0.86596617,0.7430
97,0.97219971,0.7354,1.07360936,0.6793
98,1.05453999,0.6950,0.88845199,0.7361
99,1.16070138,0.6846,0.87148861,0.7379
100,1.07888081,0.6819,0.84233592,0.7439
101,1.14524921,0.6775,0.82924729,0.7542
102,0.98594140,0.7140,0.82939476,0.7467
103,0.96751537,0.7322,0.81339557,0.7563
104,0.96819531,0.7193,0.85406920,0.7433
105,1.18951502,0.6795,0.82999499,0.7507
106,0.96442480,0.7196,0.82872362,0.7440
107,0.88460239,0.7387,0.85582295,0.7354
108,1.04941905,0.7034,0.80428518,0.7571
109,1.27392165,0.6754,0.89120450,0.7413
110,1.07876136,0.6921,0.80587568,0.7639
111,1.00217182,0.7252,0.80728750,0.7555
112,1.08952166,0.7010,0.80289631,0.7607
113,1.01115420,0.7154,0.79393578,0.7587
114,1.04058014,0.7175,0.79393446,0.7606
115,0.94390082,0.7323,0.79050523,0.7557
116,1.00497283,0.7214,0.89161057,0.7377
117,0.86158391,0.7613,0.82963430,0.7412
118,0.93622285,0.7273,0.78477318,0.7627
119,0.85625264,0.7504,0.84373373,0.7458
120,1.00338511,0.7174,0.83911392,0.7384
121,0.92470512,0.7430,0.77518124,0.7571
122,0.99049127,0.7211,0.78514732,0.7614
123,0.85972640,0.7499,0.85706208,0.7331
124,1.06979606,0.6997,0.77580168,0.7642
125,0.84732445,0.7635,0.75624621,0.7706
126,0.95450754,0.7259,0.78016160,0.7622
127,0.85441710,0.7510,0.77848268,0.7591
128,0.84942068,0.7577,0.76147554,0.7635
129,0.94410118,0.7244,0.76107685,0.7597
130,0.94579624,0.7303,0.75687826,0.7616
131,0.76752846,0.7750,0.79156542,0.7539
132,0.92640330,0.7357,0.77513704,0.7598
133,0.90670501,0.7330,0.74282042,0.7748
134,0.97224374,0.7419,0.75816478,0.7718
135,0.91824606,0.7434,0.73997419,0.7710
136,0.77758297,0.7753,0.81466298,0.7393
137,0.77627911,0.7728,0.76233612,0.7599
138,0.86226965,0.7624,0.73954065,0.7736
139,0.91821904,0.7341,0.73520427,0.7743
140,0.99248238,0.7252,0.72739242,0.7740
141,0.73289053,0.7818,0.73416352,0.7702
142,0.86852068,0.7469,0.72208688,0.7730
143,0.89453572,0.7555,0.73926294,0.7678
144,0.91579662,0.7346,0.73931930,0.7685
145,0.87122504,0.7494,0.72316529,0.7732
146,0.85578864,0.7543,0.71567182,0.7811
147,0.71857345,0.7850,0.78006186,0.7532
148,0.97047876,0.7273,0.73241139,0.7713
149,0.86107498,0.7520,0.70766708,0.7820
150,0.92205305,0.7325,0.71537843,0.7791
151,0.96426405,0.7311,0.69879327,0.7861
152,0.88138028,0.7436,0.73187075,0.7680
153,0.89406257,0.7501,0.72802088,0.7714
154,1.05182430,0.6959,0.82075161,0.7434
155,1.03282247,0.7043,0.72774568,0.7749
156,0.99341050,0.7045,0.69637090,0.7845
157,0.80165297,0.7742,0.74555729,0.7630
158,0.71560917,0.7865,0.70907665,0.7803
159,0.72980592,0.7918,0.74833809,0.7636
160,0.91296997,0.7436,0.73169539,0.7668
161,0.82572033,0.7684,0.74166603,0.7665
162,0.77804954,0.7637,0.72457421,0.7644
163,0.79424045,0.7594,0.68202740,0.7860
164,0.92454912,0.7416,0.74312412,0.7603
165,0.77110127,0.7693,0.71633396,0.7730
166,0.91091724,0.7213,0.67545346,0.7900
167,0.91129490,0.7496,0.71243488,0.7821
168,0.85894516,0.7539,0.67757258,0.7912
169,0.77374678,0.7728,0.71133717,0.7752
170,0.83189734,0.7533,0.70248959,0.7786
171,0.73114219,0.7956,0.67420428,0.7827
172,0.79047280,0.7685,0.78118438,0.7562
173,0.73119520,0.7868,0.67038201,0.7877
174,0.80093226,0.7566,0.67701318,0.7902
175,0.74297042,0.7782,0.73308688,0.7710
176,0.96298329,0.7248,0.66228462,0.7928
177,0.90883902,0.7525,0.65449651,0.7952
178,0.79230582,0.7668,0.65297033,0.7955
179,0.77880247,0.7736,0.65294729,0.7938
180,0.81268161,0.7740,0.66381581,0.7897
181,0.79588402,0.7645,0.69186340,0.7766
182,0.73742199,0.7705,0.66679436,0.7896
183,0.79798044,0.7597,0.69522338,0.7802
184,0.72579459,0.7710,0.67437962,0.7788
185,0.71627389,0.7965,0.68555592,0.7768
186,0.80340620,0.7531,0.66045604,0.7914
187,0.66327357,0.7971,0.66073295,0.7926
188,0.67738356,0.7917,0.66494746,0.7923
189,0.74922213,0.7794,0.66014951,0.7904
190,0.72044385,0.7893,0.65117251,0.7959
191,0.75276906,0.7828,0.64933856,0.7946
192,0.77399543,0.7676,0.72657343,0.7662
193,0.79516561,0.7618,0.72161758,0.7635
194,0.76198849,0.7851,0.65685598,0.7933
195,0.74232794,0.7694,0.69773324,0.7731
196,0.82458660,0.7620,0.69484562,0.7811
197,0.79026997,0.7721,0.70427147,0.7725
198,0.88514359,0.7377,0.75793087,0.7611
199,0.75382857,0.7709,0.65839835,0.7940
200,0.72590626,0.7858,0.64339967,0.8005
201,0.78079450,0.7753,0.66017529,0.7915
202,0.80910599,0.7638,0.68234343,0.7915
203,0.71726538,0.7906,0.76678799,0.7554
204,0.73227506,0.7841,0.67343101,0.7848
205,0.77427760,0.7860,0.64992363,0.7976
206,0.69203592,0.7989,0.68225725,0.7808
207,0.64787460,0.8024,0.79762373,0.7514
208,0.95296631,0.7305,0.64284477,0.7985
209,0.95479003,0.7321,0.82107387,0.7413
210,0.77642615,0.7611,0.68945105,0.7810
211,0.77144459,0.7823,0.64464500,0.7972
212,0.82513833,0.7573,0.70860664,0.7711
213,0.77944253,0.7836,0.67325003,0.7782
214,0.74258410,0.7840,0.63473710,0.7956
215,0.76159778,0.7616,0.66430934,0.7883
216,0.77146727,0.7773,0.63824359,0.7907
217,0.97741528,0.7480,0.64146527,0.7971
218,0.77437005,0.7838,0.63984403,0.8001
219,0.82401241,0.7543,0.62012935,0.8041
220,0.64701958,0.8051,0.64328719,0.7967
221,0.87354377,0.7509,0.62249973,0.8040
222,0.69191642,0.7900,0.65977099,0.7851
223,0.88861400,0.7414,0.62046299,0.8005
224,0.58819955,0.8208,0.63149375,0.7984
225,0.72041878,0.7780,0.61680339,0.8061
226,0.69717831,0.8011,0.64387269,0.7901
227,0.76104036,0.7755,0.70471563,0.7683
228,0.70045048,0.7932,0.63571400,0.7996
229,0.67974330,0.7939,0.63625155,0.7945
230,0.65889980,0.8036,0.64657635,0.7938
231,0.84468533,0.7555,0.63178026,0.8018
232,0.65135870,0.8066,0.67651177,0.7798
233,0.73514642,0.7686,0.66405862,0.7841
234,0.74139875,0.7788,0.63384959,0.7957
235,0.57944982,0.8250,0.65088308,0.7901
236,0.78946612,0.7788,0.63764518,0.7972
237,0.85640280,0.7579,0.61595299,0.8064
238,0.57630765,0.8242,0.63237340,0.7998
239,0.65227928,0.7932,0.72159408,0.7664
240,0.76124951,0.7738,0.63636571,0.7949
241,0.79106716,0.7882,0.66660467,0.7796
242,0.80124300,0.7652,0.61940189,0.8005
243,0.70286993,0.7892,0.60813962,0.8075
244,0.72021235,0.7920,0.61428421,0.8052
245,0.84181289,0.7707,0.62334216,0.8098
246,0.64450521,0.8147,0.60554368,0.8087
247,0.72237241,0.7914,0.60860886,0.8057
248,0.65031732,0.7982,0.65292178,0.7840
249,0.73597074,0.7916,0.72399809,0.7648
250,0.68860725,0.7978,0.62814083,0.7921
251,0.72746377,0.8004,0.63031079,0.8008
252,0.71101826,0.7860,0.61529380,0.8004
253,0.92064130,0.7410,0.61733035,0.8021
254,0.70230463,0.7947,0.60777486,0.8066
255,0.74004180,0.7883,0.61239034,0.8048
256,0.72756144,0.7780,0.60796133,0.8044
257,0.61578720,0.8144,0.63660566,0.7912
258,0.67409468,0.8104,0.66576402,0.7835
259,0.60006223,0.8255,0.67081659,0.7848
260,0.74966396,0.7796,0.64587478,0.7905
261,0.66964203,0.8085,0.69788171,0.7751
262,0.63352814,0.8154,0.69396327,0.7769
263,0.82012894,0.7593,0.61841104,0.8029
264,0.82833795,0.7588,0.59617279,0.8121
265,0.71066272,0.7889,0.64973201,0.7875
266,0.83597424,0.7637,0.60029371,0.8062
267,0.82338093,0.7596,0.64047914,0.7912
268,0.83755454,0.7634,0.60960373,0.8055
269,0.69581163,0.8000,0.60865252,0.7982
270,0.76035072,0.7790,0.74267625,0.7565
271,0.73077163,0.7903,0.59797461,0.8088
272,0.63133899,0.8182,0.61453559,0.8042
273,0.69833973,0.7930,0.60576005,0.8037
274,0.76979598,0.7762,0.61197530,0.7989
275,0.62151254,0.8190,0.60838680,0.8011
276,0.84619885,0.7520,0.61285367,0.7965
277,0.74897965,0.7900,0.59267014,0.8094
278,0.72537952,0.7908,0.59024224,0.8124
279,0.73878581,0.7803,0.62430971,0.7907
280,0.76622709,0.7796,0.68950937,0.7705
281,0.73111818,0.7954,0.65696929,0.7850
282,0.78554892,0.7735,0.64951476,0.7871
283,0.67559381,0.8052,0.60933479,0.7991
284,0.63351950,0.8152,0.59448510,0.8109
285,0.57500226,0.8211,0.62818211,0.7926
286,0.86098556,0.7516,0.62249370,0.7914
287,0.65173583,0.8065,0.61780462,0.7957
288,0.64880491,0.8027,0.61096080,0.7984
289,0.75268578,0.7891,0.66578589,0.7799
290,0.57149552,0.8261,0.63254304,0.7903
291,0.66349359,0.7968,0.59090792,0.8097
292,0.54449995,0.8287,0.66642845,0.7819
293,0.71696929,0.7872,0.64103794,0.7950
294,0.65232505,0.8043,0.59306957,0.8122
295,0.81147117,0.7551,0.58333068,0.8118
296,0.84907720,0.7610,0.57954129,0.8123
297,0.63820878,0.8070,0.59078211,0.8067
298,0.60263762,0.8141,0.60702181,0.8053
299,0.80798773,0.7658,0.60514313,0.8048
300,0.81863451,0.7702,0.60569205,0.8069
301,0.70035363,0.7986,0.59320600,0.8027
302,0.57742379,0.8313,0.63021716,0.7906
303,0.65767366,0.7924,0.62656069,0.7903
304,0.82725701,0.7580,0.59288969,0.8041
305,0.71403286,0.7833,0.64230543,0.7893
306,0.71609337,0.7820,0.62216657,0.7936
307,0.77585162,0.7817,0.66571812,0.7810
308,0.83160320,0.7652,0.58563637,0.8066
309,0.64611628,0.8019,0.57390312,0.8142
310,0.79014131,0.7728,0.60454035,0.7969
311,0.68963237,0.7871,0.57362946,0.8139
312,0.67653489,0.8066,0.65284773,0.7823
313,0.78092475,0.7660,0.59494784,0.8084
314,0.57269510,0.8350,0.60575330,0.8006
315,0.80161675,0.7575,0.59249143,0.8084
316,0.74242771,0.7971,0.59004752,0.8055
317,0.57476834,0.8292,0.58642522,0.8077
318,0.74782102,0.7818,0.57942378,0.8064
319,0.59917431,0.8245,0.68130845,0.7761
320,0.66190748,0.8070,0.62787149,0.7928
321,0.72009362,0.8015,0.63960874,0.7866
322,0.65683277,0.8117,0.58040051,0.8115
323,0.81820449,0.7791,0.62126206,0.7920
324,0.65312749,0.8153,0.63166033,0.7884
325,1.00178737,0.7216,0.58544207,0.8038
326,0.81025553,0.7716,0.59037241,0.8005
327,0.58737547,0.8218,0.56759165,0.8146
328,0.68228016,0.8190,0.56054997,0.8188
329,0.50688455,0.8449,0.56820413,0.8180
330,0.60701633,0.8148,0.62902164,0.8018
331,0.61186362,0.8146,0.58233023,0.8128
332,0.65495329,0.8018,0.59195820,0.8047
333,0.55208982,0.8400,0.66270918,0.7812
334,0.63597496,0.8025,0.56564452,0.8188
335,0.59211634,0.8204,0.61745769,0.7956
336,0.61695774,0.8050,0.56081726,0.8190
337,0.67598270,0.7979,0.56484081,0.8189
338,0.68367315,0.7951,0.56151546,0.8182
339,0.71872882,0.7987,0.56536540,0.8177
340,0.82709404,0.7700,0.55894561,0.8180
341,0.53949035,0.8437,0.58259978,0.8109
342,0.79336865,0.7763,0.59731837,0.8021
343,0.59069655,0.8313,0.70045844,0.7807
344,0.98317142,0.7476,0.62192255,0.7942
345,0.58831481,0.8336,0.72037810,0.7687
346,0.68080764,0.7884,0.57265377,0.8151
347,0.74800295,0.7803,0.56397286,0.8178
348,0.67891110,0.7977,0.57068819,0.8138
349,0.88076640,0.7545,0.63039460,0.7926
350,0.54434941,0.8366,0.60036076,0.8074
351,0.54242952,0.8389,0.57673723,0.8149
352,0.72807292,0.7826,0.55788512,0.8183
353,0.95611250,0.7409,0.56160926,0.8160
354,0.69743602,0.7895,0.56781104,0.8157
355,0.77246253,0.7890,0.56136550,0.8119
356,0.59903916,0.8184,0.66175721,0.7841
357,0.69378993,0.7825,0.56377298,0.8169
358,0.64634709,0.8122,0.62699771,0.7919
359,0.61506614,0.8144,0.63004205,0.7949
360,0.84713335,0.7667,0.63361565,0.7892
361,0.70255943,0.7880,0.55534292,0.8209
362,0.69911614,0.8016,0.55365751,0.8209
363,0.64517210,0.8123,0.54935114,0.8215
364,0.66275076,0.7941,0.63684318,0.7877
365,0.81284828,0.7678,0.60254528,0.7953
366,0.53480095,0.8449,0.58643439,0.8026
367,0.65176047,0.8077,0.55884343,0.8136
368,0.68772256,0.7925,0.54831383,0.8200
369,0.60824594,0.8184,0.55751132,0.8172
370,0.74168623,0.7827,0.54776225,0.8233
371,0.54618836,0.8344,0.55135582,0.8215
372,0.65836889,0.8013,0.54944320,0.8205
373,0.67366189,0.7952,0.57275566,0.8104
374,0.63847635,0.8136,0.58171466,0.8096
375,0.58140896,0.8251,0.58481233,0.8032
376,0.78387636,0.7799,0.54815246,0.8208
377,0.68214984,0.8091,0.55631479,0.8197
378,0.59213695,0.8183,0.54278559,0.8240
379,0.62205745,0.8130,0.54510724,0.8218
380,0.78592102,0.7739,0.54558367,0.8217
381,0.61380209,0.8034,0.53401658,0.8242
382,0.64871415,0.8152,0.55084542,0.8172
383,0.58381975,0.8267,0.63952550,0.7865
384,0.65734416,0.7986,0.57533934,0.8077
385,0.55418857,0.8177,0.57671106,0.8079
386,0.50879857,0.8473,0.62360452,0.7933
387,0.60451984,0.8131,0.54120853,0.8226
388,0.73736618,0.7802,0.55851661,0.8086
389,0.56162422,0.8401,0.54689685,0.8217
390,0.68035510,0.7992,0.56509541,0.8162
391,0.91703473,0.7505,0.55377274,0.8195
392,0.64775413,0.7966,0.55246963,0.8207
393,0.58696269,0.8297,0.53577695,0.8249
394,0.66162243,0.8084,0.55865818,0.8148
395,0.73349711,0.8004,0.54267248,0.8217
396,0.58461703,0.8304,0.58268817,0.8097
397,0.43485382,0.8796,0.61171385,0.7961
398,0.50179340,0.8451,0.60992302,0.7958
399,0.73061525,0.7801,0.68017606,0.7815
400,0.77091819,0.7702,0.61661371,0.7991
401,0.71531744,0.7800,0.61496321,0.7981
402,0.63549857,0.7981,0.54503119,0.8220
403,0.55446165,0.8312,0.54709661,0.8159
404,0.61984960,0.7974,0.55911308,0.8187
405,0.51880914,0.8440,0.53740218,0.8257
406,0.68434469,0.8074,0.54992075,0.8242
407,0.52221622,0.8513,0.54152582,0.8231
408,0.55077944,0.8315,0.55162595,0.8187
409,0.55837854,0.8278,0.53663836,0.8226
410,0.77905318,0.7779,0.55495268,0.8168
411,0.57477344,0.8333,0.59695682,0.7985
412,0.54878621,0.8344,0.53570076,0.8258
413,0.70592096,0.7929,0.55138135,0.8123
414,0.47359667,0.8576,0.57680056,0.8076
415,0.63601154,0.8170,0.55188944,0.8111
416,0.56748913,0.8302,0.54190554,0.8140
417,0.66125176,0.8062,0.53290478,0.8230
418,0.53676337,0.8332,0.53626378,0.8243
419,0.74460881,0.7841,0.53607495,0.8249
420,0.58755305,0.8201,0.55851395,0.8103
421,0.66551911,0.8130,0.60697959,0.7977
422,0.64587673,0.8168,0.64235967,0.7906
423,0.51338615,0.8379,0.61020730,0.7987
424,0.56515183,0.8348,0.58501136,0.8049
425,0.59359717,0.8107,0.54967927,0.8184
426,0.58784707,0.8187,0.54363903,0.8213
427,0.60211441,0.8348,0.54378068,0.8219
428,0.68036717,0.8109,0.53879233,0.8213
429,0.68776871,0.7988,0.52480754,0.8251
430,0.62216477,0.8153,0.53573961,0.8242
431,0.61534103,0.8315,0.52830198,0.8264
432,0.54147424,0.8331,0.57753574,0.8043
433,0.63677353,0.8289,0.55188472,0.8139
434,0.57652477,0.8176,0.52508602,0.8282
435,0.57984863,0.8315,0.56876611,0.8060
436,0.54510823,0.8285,0.55722435,0.8166
437,0.62697561,0.8142,0.53581834,0.8218
438,0.57387178,0.8312,0.53821757,0.8248
439,0.72461312,0.7921,0.54206283,0.8228
440,0.63847925,0.8048,0.58047020,0.8049
441,0.58374039,0.8245,0.55753769,0.8139
442,0.64167980,0.8085,0.52587015,0.8262
443,0.60465496,0.8195,0.54707906,0.8206
444,0.51397558,0.8397,0.54609254,0.8182
445,0.68384800,0.7941,0.55496388,0.8177
446,0.59179207,0.8377,0.52309114,0.8292
447,0.60450798,0.8087,0.52950754,0.8275
448,0.70477331,0.7896,0.53325737,0.8272
449,0.70604909,0.7883,0.52087727,0.8295
450,0.76554995,0.7822,0.52863068,0.8285
451,0.54110197,0.8363,0.55670774,0.8175
452,0.54871017,0.8274,0.53596589,0.8238
453,0.58580842,0.8276,0.63203622,0.7907
454,0.65918169,0.8068,0.62886057,0.7923
455,0.68718082,0.7970,0.54782735,0.8188
456,0.63605269,0.8138,0.56123045,0.8145
457,0.55962135,0.8304,0.52860297,0.8291
458,0.66116684,0.8176,0.53729247,0.8234
459,0.66720591,0.8093,0.53593111,0.8251
460,0.54519705,0.8437,0.56731097,0.8137
461,0.55117449,0.8306,0.52806629,0.8268
462,0.69446633,0.8031,0.52001098,0.8300
463,0.62655950,0.8091,0.55269283,0.8165
464,0.88473363,0.7761,0.53460857,0.8252
465,0.55733806,0.8382,0.56119116,0.8101
466,0.69433414,0.8011,0.54562028,0.8166
467,0.67288355,0.7990,0.52965785,0.8215
468,0.63562364,0.8074,0.55405023,0.8215
469,0.55268838,0.8286,0.52291299,0.8287
470,0.66893686,0.8297,0.55023273,0.8197
471,0.63150278,0.8079,0.53317693,0.8213
472,0.58839432,0.8182,0.52468209,0.8269
473,0.70617703,0.7973,0.55679971,0.8123
474,0.58521445,0.8228,0.52069454,0.8299
475,0.59639860,0.8223,0.52201566,0.8253
476,0.59942885,0.8159,0.55671276,0.8083
477,0.56416367,0.8334,0.61585915,0.7959
478,0.77912954,0.7636,0.53981994,0.8211
479,0.67882511,0.8028,0.52785040,0.8252
480,0.58591337,0.8231,0.53771433,0.8209
481,0.75005893,0.7792,0.56052968,0.8096
482,0.50867615,0.8327,0.53580172,0.8240
483,0.62442046,0.8105,0.52351729,0.8262
484,0.57285064,0.8222,0.57668866,0.8067
485,0.58364523,0.8290,0.53972502,0.8229
486,0.70319318,0.8014,0.51269216,0.8303
487,0.66284911,0.8008,0.60428019,0.7993
488,0.54182011,0.8331,0.52483403,0.8256
489,0.58992494,0.8289,0.51286538,0.8307
490,0.56961195,0.8269,0.52754359,0.8271
491,0.58868984,0.8246,0.52435861,0.8265
492,0.65380243,0.8144,0.53215306,0.8216
493,0.56283926,0.8201,0.52905431,0.8245
494,0.65370243,0.8041,0.60288477,0.7995
495,0.63709786,0.8114,0.56023083,0.8096
496,0.55591798,0.8345,0.56882160,0.8132
497,0.57430751,0.8394,0.59689873,0.8026
498,0.62062461,0.8180,0.63580606,0.7915
499,0.50903790,0.8436,0.51724741,0.8303
500,0.69428212,0.8026,0.54262928,0.8167
501,0.74795030,0.7857,0.53511987,0.8218
502,0.57548464,0.8252,0.51565445,0.8309
503,0.65300486,0.8121,0.51978530,0.8292
504,0.54841027,0.8377,0.57812740,0.8104
505,0.57458791,0.8204,0.53910445,0.8210
506,0.58624361,0.8231,0.65812130,0.7877
507,0.74482914,0.7698,0.52293625,0.8250
508,0.56288196,0.8385,0.56166995,0.8081
509,0.61464293,0.8127,0.55518249,0.8145
510,0.59385405,0.8106,0.51385129,0.8298
511,0.52799799,0.8411,0.52012240,0.8288
512,0.51376183,0.8522,0.53695519,0.8218
513,0.63121435,0.8178,0.52958227,0.8225
514,0.62843655,0.8168,0.55611343,0.8150
515,0.51642545,0.8519,0.51243157,0.8295
516,0.57107444,0.8242,0.51500949,0.8289
517,0.52739066,0.8353,0.56892336,0.8070
518,0.66443773,0.7909,0.60332913,0.7989
519,0.55660983,0.8270,0.58171375,0.8040
520,0.74295418,0.7793,0.58733690,0.8048
521,0.61909721,0.8071,0.53261535,0.8242
522,0.56472205,0.8315,0.56698597,0.8083
523,0.67823201,0.7978,0.51495997,0.8288
524,0.60193734,0.8179,0.50670339,0.8317
525,0.56848068,0.8235,0.51287917,0.8299
526,0.65118742,0.7942,0.50692058,0.8325
527,0.64225758,0.8138,0.51475076,0.8291
528,0.52440541,0.8488,0.65736908,0.7894
529,0.50306181,0.8365,0.53134926,0.8228
530,0.54678153,0.8342,0.54052997,0.8179
531,0.76906660,0.7697,0.50376239,0.8310
532,0.58508020,0.8053,0.57924679,0.8050
533,0.64615688,0.8055,0.50615563,0.8306
534,0.60690588,0.8150,0.51087891,0.8285
535,0.76258306,0.7726,0.51301765,0.8285
536,0.55921001,0.8320,0.55093990,0.8155
537,0.61759041,0.8195,0.50993865,0.8273
538,0.68699039,0.7961,0.51841312,0.8223
539,0.49487475,0.8330,0.52249737,0.8239
540,0.61067627,0.8240,0.54576798,0.8107
541,0.67797096,0.7983,0.50607912,0.8302
542,0.55360765,0.8297,0.54067499,0.8159
543,0.67850160,0.7955,0.51009018,0.8290
544,0.68998250,0.8030,0.50659772,0.8314
545,0.45146086,0.8580,0.50296454,0.8322
546,0.49543559,0.8467,0.59626718,0.8005
547,0.64229580,0.8107,0.51405826,0.8278
548,0.59315233,0.8249,0.51400571,0.8300
549,0.51704407,0.8453,0.56969967,0.8092
550,0.57076801,0.8153,0.58239771,0.8008
551,0.59667491,0.8123,0.50852275,0.8295
552,0.64247532,0.8173,0.50779136,0.8321
553,0.52406094,0.8380,0.50307795,0.8332
554,0.50243865,0.8473,0.61040419,0.7951
555,0.56386567,0.8253,0.51805820,0.8295
556,0.81404733,0.7712,0.50749333,0.8319
557,0.63826051,0.8113,0.50513850,0.8314
558,0.60092166,0.8138,0.51944424,0.8253
559,0.74485169,0.7652,0.49529457,0.8344
560,0.49615877,0.8491,0.49671380,0.8336
561,0.47545742,0.8552,0.49852537,0.8315
562,0.56442456,0.8292,0.50896896,0.8284
563,0.58987167,0.8240,0.50927567,0.8288
564,0.51094507,0.8441,0.56904194,0.8105
565,0.52866203,0.8298,0.51046547,0.8304
566,0.73430537,0.7942,0.55606529,0.8163
567,0.66291637,0.8175,0.49662380,0.8343
568,0.63922490,0.7984,0.50774983,0.8311
569,0.48210722,0.8484,0.52894351,0.8224
570,0.65647105,0.8187,0.56359075,0.8144
571,0.72074739,0.7970,0.54705575,0.8172
572,0.56309760,0.8300,0.55858923,0.8153
573,0.82564876,0.7943,0.51678937,0.8274
574,0.59620655,0.8215,0.55509594,0.8161
575,0.53673608,0.8298,0.50314609,0.8321
576,0.60943170,0.8148,0.56782585,0.8159
577,0.68905029,0.8095,0.51350679,0.8316
578,0.53169136,0.8431,0.53703739,0.8260
579,0.76655262,0.7830,0.53479622,0.8251
580,0.54945143,0.8279,0.52347329,0.8276
581,0.55086793,0.8329,0.54793656,0.8193
582,0.53579624,0.8429,0.51802891,0.8293
583,0.67640815,0.8102,0.56413839,0.8140
584,0.53139681,0.8452,0.50381828,0.8341
585,0.69974118,0.8080,0.50293462,0.8335
586,0.58469033,0.8282,0.53859029,0.8189
587,0.64574647,0.8032,0.50593636,0.8327
588,0.55682259,0.8269,0.57247830,0.8093
589,0.43142655,0.8768,0.57180388,0.8119
590,0.61803310,0.8207,0.50214776,0.8319
591,0.62341097,0.8171,0.54937702,0.8180
592,0.68146281,0.7921,0.50714101,0.8284
593,0.63039878,0.8171,0.50724873,0.8308
594,0.51461522,0.8337,0.50334155,0.8318
595,0.55866592,0.8346,0.50525993,0.8313
596,0.52470227,0.8378,0.57640555,0.8055
597,0.62674733,0.8158,0.51035884,0.8265
598,0.65102136,0.8265,0.54310296,0.8173
599,0.65469180,0.8073,0.49756580,0.8340
600,0.55072473,0.8354,0.59771253,0.8043
601,0.74433246,0.7906,0.49688912,0.8331
602,0.61689678,0.8100,0.50542778,0.8289
603,0.46676548,0.8495,0.55376442,0.8161
604,0.59106003,0.8329,0.51747342,0.8247
605,0.55349255,0.8514,0.53959980,0.8165
606,0.48801172,0.8528,0.59609511,0.8014
607,0.69487233,0.8008,0.49961968,0.8315
608,0.51466044,0.8415,0.49534083,0.8346
609,0.60130576,0.8156,0.52931410,0.8217
610,0.59078284,0.8267,0.50002679,0.8306
611,0.58977247,0.8142,0.50845445,0.8291
612,0.49263068,0.8474,0.54799640,0.8138
613,0.62855403,0.8309,0.50610430,0.8287
614,0.60325646,0.8220,0.51617062,0.8264
615,0.49624151,0.8401,0.49826047,0.8330
616,0.52143315,0.8343,0.49370779,0.8352
617,0.64336205,0.8002,0.49290996,0.8362
618,0.40505614,0.8709,0.60401679,0.8075
619,0.52839589,0.8404,0.50575745,0.8348
620,0.64490039,0.7939,0.53245892,0.8271
621,0.58856462,0.8332,0.54464070,0.8192
622,0.49940478,0.8482,0.54173101,0.8199
623,0.58046669,0.8298,0.51568315,0.8278
624,0.55855172,0.8210,0.50705388,0.8311
625,0.61732602,0.8168,0.58033955,0.8106
626,0.65725707,0.8094,0.49775845,0.8307
627,0.54471525,0.8373,0.51754735,0.8248
628,0.71353997,0.8063,0.55506902,0.8168
629,0.49762455,0.8479,0.49648023,0.8359
630,0.61820456,0.8315,0.53645731,0.8222
631,0.58249205,0.8202,0.51450260,0.8285
632,0.40760301,0.8771,0.53895825,0.8192
633,0.67477159,0.8008,0.52975328,0.8197
634,0.60464378,0.8198,0.54433862,0.8214
635,0.56205728,0.8311,0.50864467,0.8315
636,0.50023991,0.8469,0.53458475,0.8218
637,0.48805420,0.8366,0.51956454,0.8237
638,0.58609177,0.8139,0.49090066,0.8337
639,0.53933296,0.8454,0.59821260,0.8073
640,0.49506443,0.8504,0.56309957,0.8116
641,0.46204268,0.8627,0.56517984,0.8145
642,0.45000899,0.8597,0.64368342,0.7954
643,0.63235330,0.8292,0.59685383,0.8025
644,0.55606018,0.8270,0.57026968,0.8128
645,0.45298886,0.8642,0.55014263,0.8174
646,0.52585860,0.8437,0.50803073,0.8294
647,0.75176754,0.8019,0.49062020,0.8373
648,0.60821676,0.8188,0.54204243,0.8191
649,0.62025194,0.8103,0.51616084,0.8236
650,0.54554657,0.8344,0.58906267,0.8143
651,0.44581101,0.8630,0.54350634,0.8237
652,0.51643299,0.8399,0.58360344,0.8134
653,0.62840775,0.8037,0.55088861,0.8163
654,0.68553840,0.8120,0.50910355,0.8284
655,0.55751667,0.8311,0.49817685,0.8343
656,0.62286879,0.8156,0.52909817,0.8174
657,0.59035356,0.8159,0.48580583,0.8369
658,0.67551715,0.7984,0.48695045,0.8368
659,0.54116220,0.8202,0.52419549,0.8234
660,0.53009409,0.8381,0.52018169,0.8250
661,0.59964473,0.8187,0.56052496,0.8159
662,0.56800376,0.8272,0.49158767,0.8349
663,0.61175430,0.8308,0.52665224,0.8249
664,0.64126257,0.8069,0.49982995,0.8318
665,0.49955289,0.8548,0.61545314,0.8006
666,0.54757884,0.8339,0.58110201,0.8120
667,0.75539892,0.7847,0.52534736,0.8190
668,0.52118842,0.8456,0.50785813,0.8295
669,0.63515395,0.8184,0.49727039,0.8336
670,0.51278128,0.8477,0.49182099,0.8336
671,0.78230323,0.7807,0.48766998,0.8368
672,0.57549370,0.8249,0.62044418,0.8023
673,0.56707116,0.8296,0.53386559,0.8223
674,0.61057980,0.8209,0.48835784,0.8357
675,0.66621270,0.8013,0.50341194,0.8285
676,0.78346201,0.7755,0.48548317,0.8368
677,0.56994827,0.8356,0.48390349,0.8368
678,0.48159390,0.8521,0.48974830,0.8358
679,0.63487040,0.8031,0.48055823,0.8377
680,0.48898469,0.8607,0.52470894,0.8192
681,0.52003242,0.8400,0.50929557,0.8320
682,0.63378521,0.8108,0.50643349,0.8320
683,0.58067092,0.8144,0.49526805,0.8355
684,0.61256004,0.8068,0.60095368,0.8059
685,0.53564106,0.8298,0.48089018,0.8386
686,0.53928963,0.8277,0.49143680,0.8365
687,0.58064609,0.8214,0.48094037,0.8393
688,0.59920571,0.8276,0.47734442,0.8392
689,0.52132321,0.8358,0.47778356,0.8376
690,0.56000669,0.8327,0.52022534,0.8231
691,0.64804498,0.8055,0.56741204,0.8110
692,0.73773132,0.7906,0.48512697,0.8360
693,0.55241483,0.8331,0.49917595,0.8284
694,0.56640540,0.8237,0.60316878,0.8017
695,0.58783061,0.8166,0.47746381,0.8397
696,0.44028680,0.8712,0.54186184,0.8191
697,0.53205328,0.8476,0.47753554,0.8387
698,0.50985718,0.8438,0.52136491,0.8222
699,0.48978805,0.8611,0.53211643,0.8255
700,0.57151785,0.8356,0.51738291,0.8269
701,0.52899692,0.8382,0.47693597,0.8397
702,0.55440660,0.8244,0.48229471,0.8363
703,0.53126589,0.8269,0.49735614,0.8346
704,0.57627494,0.8293,0.48077975,0.8391
705,0.59989214,0.8155,0.53179923,0.8211
706,0.54991216,0.8489,0.48092154,0.8370
707,0.48231506,0.8580,0.59493593,0.8087
708,0.59229580,0.8205,0.52405422,0.8239
709,0.59009627,0.8315,0.54770067,0.8156
710,0.55501474,0.8281,0.48927048,0.8313
711,0.59543402,0.8269,0.49090338,0.8337
712,0.50536875,0.8440,0.49625244,0.8351
713,0.51115186,0.8458,0.50414783,0.8315
714,0.60970959,0.8101,0.48099144,0.8372
715,0.59572101,0.8272,0.48028251,0.8363
716,0.54940913,0.8155,0.47859137,0.8365
717,0.55203483,0.8363,0.59695146,0.7985
718,0.53007084,0.8306,0.48643907,0.8349
719,0.59630410,0.8173,0.48250319,0.8361
720,0.51816983,0.8540,0.47951626,0.8366
721,0.59265087,0.8157,0.48843512,0.8357
722,0.54947455,0.8409,0.53379411,0.8181
723,0.56665203,0.8300,0.54033306,0.8159
724,1.20654535,0.7294,0.51226572,0.8326
725,0.52800514,0.8224,0.48468164,0.8373
726,0.45393768,0.8609,0.50350197,0.8315
727,0.52963570,0.8312,0.48404145,0.8382
728,0.52333121,0.8385,0.48675943,0.8379
729,0.46614574,0.8594,0.60231101,0.8044
730,0.54155876,0.8359,0.54200029,0.8192
731,0.47540341,0.8491,0.47768837,0.8413
732,0.43946175,0.8663,0.55373133,0.8159
733,0.43560489,0.8723,0.60405249,0.8037
734,0.44256035,0.8627,0.54437980,0.8179
735,0.49508427,0.8423,0.50418782,0.8332
736,0.62784782,0.8064,0.50281895,0.8312
737,0.54093595,0.8456,0.47942597,0.8393
738,0.75645072,0.7884,0.49474277,0.8338
739,0.49630234,0.8423,0.56996923,0.8130
740,0.62324125,0.8319,0.50962467,0.8291
741,0.47867636,0.8487,0.49855837,0.8343
742,0.55359809,0.8253,0.50773669,0.8292
743,0.69986812,0.7988,0.48214916,0.8389
744,0.58861715,0.8171,0.47699109,0.8406
745,0.61011145,0.8276,0.47626697,0.8410
746,0.58255276,0.8327,0.48348963,0.8385
747,0.54651833,0.8387,0.50011572,0.8302
748,0.52765609,0.8533,0.49559724,0.8340
749,0.50677490,0.8555,0.50917707,0.8282
750,0.59642521,0.8142,0.56274449,0.8111
751,0.55060414,0.8266,0.55572822,0.8123
752,0.78361134,0.7942,0.53726245,0.8112
753,0.46875932,0.8684,0.65963257,0.7935
754,0.53322687,0.8378,0.47911058,0.8390
755,0.42033479,0.8619,0.54926296,0.8194
756,0.48900841,0.8543,0.47525708,0.8401
757,0.48351606,0.8544,0.56972086,0.8110
758,0.53644975,0.8406,0.61940212,0.8013
759,0.57738803,0.8282,0.48105904,0.8374
760,0.55862418,0.8310,0.48300288,0.8364
761,0.59327946,0.8313,0.49263414,0.8312
762,0.63617279,0.8092,0.55829960,0.8111
763,0.63770914,0.8163,0.49339091,0.8319
764,0.54615013,0.8324,0.48514560,0.8336
765,0.57931760,0.8219,0.57094185,0.8054
766,0.46749656,0.8529,0.57483620,0.8062
767,0.56629813,0.8213,0.48576220,0.8346
768,0.46472724,0.8577,0.55141632,0.8137
769,0.62920406,0.8187,0.47617804,0.8389
770,0.60235688,0.8127,0.49491849,0.8349
771,0.51306192,0.8462,0.49819181,0.8324
772,0.57172311,0.8163,0.55462379,0.8121
773,0.58419008,0.8259,0.50415064,0.8266
774,0.69107990,0.8016,0.48639826,0.8361
775,0.72381022,0.7868,0.48537786,0.8362
776,2.46076114,0.7487,0.55399527,0.8172
777,0.51970679,0.8505,0.49174879,0.8355
778,0.57553318,0.8289,0.51914870,0.8266
779,0.47627472,0.8546,0.49812407,0.8312
780,0.52358727,0.8449,0.57249465,0.8092
781,0.51257470,0.8385,0.57314945,0.8089
782,0.58130092,0.8155,0.47418897,0.8415
783,0.48560592,0.8464,0.48529526,0.8361
784,0.62683269,0.8109,0.58077777,0.8093
785,0.55178386,0.8382,0.47524914,0.8411
786,0.65371132,0.8148,0.47189713,0.8404
787,0.48459314,0.8548,0.49943896,0.8325
788,0.61429970,0.7949,0.48107049,0.8343
789,0.74681848,0.7938,0.58657096,0.8080
790,0.69409022,0.7850,0.48037978,0.8392
791,0.59416129,0.8275,0.54887991,0.8159
792,0.54244618,0.8377,0.49553620,0.8306
793,0.54220918,0.8481,0.48513154,0.8370
794,0.49048749,0.8444,0.49179543,0.8353
795,0.52344493,0.8406,0.51937565,0.8298
796,0.53105362,0.8392,0.57088675,0.8147
797,0.54530753,0.8259,0.47336421,0.8384
798,0.53702955,0.8348,0.51505664,0.8288
799,0.68341439,0.7956,0.51278946,0.8284
800,0.62944960,0.8078,0.47162996,0.8397
801,0.48277883,0.8512,0.50825620,0.8289
802,0.45574134,0.8462,0.50976727,0.8315
803,0.42871335,0.8615,0.52994412,0.8247
804,0.72461720,0.7899,0.47895582,0.8396
805,0.44937978,0.8630,0.48468475,0.8376
806,0.61439232,0.8234,0.47512181,0.8385
807,0.65124368,0.8125,0.56001649,0.8136
808,0.63235809,0.8112,0.49121454,0.8286
809,0.52877883,0.8298,0.48160552,0.8355
810,0.60259423,0.8187,0.54420212,0.8157
811,0.53469039,0.8383,0.47862697,0.8386
812,0.62647335,0.8220,0.47708491,0.8363
813,0.56331537,0.8330,0.52695649,0.8195
814,0.44116849,0.8678,0.50027326,0.8310
815,0.47368066,0.8665,0.53566588,0.8219
816,0.54204581,0.8272,0.57510452,0.8119
817,0.55586957,0.8359,0.50550994,0.8302
818,0.55734893,0.8283,0.56370979,0.8135
819,0.56592250,0.8173,0.49372805,0.8290
820,0.62298159,0.8162,0.47373685,0.8400
821,0.55585611,0.8163,0.53929958,0.8176
822,0.66000986,0.8112,0.47595179,0.8384
823,0.60788011,0.8203,0.46992318,0.8409
824,0.52756712,0.8349,0.49508423,0.8350
825,0.57145086,0.8232,0.53898430,0.8219
826,0.62962911,0.8161,0.47143228,0.8403
827,0.47892463,0.8532,0.47675537,0.8392
828,0.53161315,0.8356,0.48149042,0.8385
829,0.43840333,0.8623,0.53837308,0.8237
830,0.53381477,0.8317,0.54250527,0.8216
831,0.56349791,0.8333,0.55738997,0.8189
832,0.57422605,0.8356,0.54507650,0.8224
833,0.56539351,0.8333,0.59934402,0.8080
834,0.58570647,0.8321,0.48853752,0.8347
835,0.56605446,0.8352,0.46956874,0.8402
836,0.48793347,0.8491,0.56267399,0.8142
837,0.49107959,0.8474,0.48854146,0.8350
838,0.56466089,0.8184,0.47174383,0.8385
839,0.49613986,0.8450,0.46184050,0.8442
840,0.55594598,0.8366,0.57844609,0.8124
841,0.58790795,0.8234,0.46674350,0.8436
842,0.66993526,0.8066,0.48455164,0.8377
843,0.50590863,0.8450,0.53982201,0.8253
844,0.60209771,0.8322,0.48428868,0.8395
845,0.52860619,0.8312,0.65044912,0.7997
846,0.51345272,0.8494,0.49764547,0.8356
847,0.74977685,0.7870,0.47014474,0.8428
848,0.52299338,0.8369,0.47303379,0.8414
849,0.51429123,0.8375,0.50430200,0.8285
850,0.48334698,0.8525,0.49117867,0.8316
851,0.52374984,0.8393,0.48780446,0.8339
852,0.54534183,0.8379,0.46646420,0.8438
853,0.46817336,0.8653,0.48296027,0.8386
854,0.44994081,0.8521,0.55251230,0.8175
855,0.63114981,0.8157,0.47417449,0.8396
856,0.44471137,0.8632,0.48506194,0.8363
857,0.56371344,0.8407,0.49269703,0.8343
858,0.36913170,0.8846,0.54830047,0.8177
859,0.57096494,0.8162,0.46086651,0.8438
860,0.51592177,0.8341,0.53921879,0.8193
861,0.62856934,0.8067,0.48554623,0.8338
862,0.53194937,0.8475,0.47537297,0.8372
863,0.58128037,0.8221,0.53117489,0.8218
864,0.75849402,0.8140,0.52493000,0.8267
865,0.57661886,0.8173,0.47442409,0.8411
866,0.59732337,0.8169,0.52853428,0.8217
867,0.52918088,0.8296,0.46892239,0.8421
868,0.59556215,0.8182,0.56194030,0.8123
869,0.58419137,0.8311,0.49994836,0.8340
870,0.71002512,0.7961,0.47843166,0.8363
871,0.50804566,0.8474,0.54001525,0.8211
872,0.56728011,0.8297,0.47958683,0.8362
873,0.58062981,0.8203,0.51568835,0.8277
874,0.52523650,0.8340,0.52705044,0.8207
875,0.42390364,0.8612,0.51653414,0.8274
876,0.60610435,0.8108,0.47119179,0.8376
877,0.50893356,0.8425,0.46651759,0.8396
878,0.64800430,0.8199,0.46935637,0.8410
879,0.57272450,0.8276,0.46017623,0.8438
880,0.51492845,0.8517,0.51838773,0.8234
881,0.45392364,0.8608,0.46227421,0.8424
882,0.51182985,0.8425,0.47948074,0.8364
883,0.48816763,0.8670,0.49014376,0.8319
884,0.39877491,0.8827,0.58777730,0.8102
885,0.66380593,0.8119,0.50763012,0.8268
886,0.44081387,0.8649,0.46935180,0.8409
887,0.66334446,0.8008,0.57937420,0.8095
888,0.49765523,0.8498,0.46312092,0.8432
889,0.58980297,0.8347,0.48771443,0.8307
890,0.53600319,0.8266,0.45901972,0.8411
891,0.55120254,0.8247,0.49800132,0.8348
892,0.53182892,0.8423,0.46134500,0.8428
893,0.47038519,0.8546,0.46841838,0.8413
894,0.58286261,0.8254,0.47161851,0.8414
895,0.54153648,0.8369,0.47740717,0.8402
896,0.57310599,0.8351,0.45629102,0.8467
897,0.47006078,0.8590,0.48544290,0.8371
898,0.57236442,0.8285,0.46648959,0.8434
899,0.48095881,0.8521,0.47392645,0.8403
900,0.48573412,0.8534,0.50994274,0.8328
901,0.64573200,0.8059,0.46273610,0.8434
902,0.52273618,0.8542,0.54030240,0.8210
903,0.45840829,0.8511,0.46774850,0.8404
904,0.43882538,0.8696,0.53229741,0.8213
905,0.43905898,0.8587,0.48407953,0.8363
906,0.47958300,0.8402,0.46799915,0.8439
907,0.53851651,0.8319,0.48365720,0.8330
908,0.48534163,0.8458,0.58913594,0.8105
909,0.50175139,0.8461,0.48942589,0.8385
910,0.57362694,0.8300,0.46718516,0.8401
911,0.52386178,0.8322,0.46504202,0.8435
912,0.55438337,0.8353,0.47318175,0.8359
913,0.57067010,0.8232,0.45999699,0.8419
914,0.54025926,0.8374,0.51073188,0.8218
915,0.53237027,0.8447,0.46303543,0.8409
916,0.51932669,0.8351,0.48385833,0.8343
917,0.49892078,0.8387,0.46447466,0.8419
918,0.57005295,0.8258,0.47298335,0.8418
919,0.49540842,0.8554,0.47118554,0.8372
920,0.56475964,0.8329,0.48050372,0.8368
921,0.76676325,0.8103,0.46187390,0.8455
922,0.50923133,0.8460,0.46817320,0.8408
923,0.67231166,0.7968,0.45642072,0.8457
924,0.55513250,0.8525,0.52029575,0.8208
925,0.46163352,0.8639,0.58263298,0.8133
926,0.57568792,0.8439,0.52706758,0.8281
927,0.55714558,0.8302,0.46577722,0.8431
928,0.41464178,0.8697,0.46197695,0.8448
929,0.44057252,0.8652,0.51846618,0.8262
930,0.48280591,0.8527,0.52538100,0.8260
931,0.60898026,0.8160,0.47664626,0.8395
932,0.49130642,0.8483,0.45184234,0.8463
933,0.50918853,0.8377,0.45832377,0.8450
934,0.45586245,0.8615,0.46027226,0.8429
935,0.54304869,0.8399,0.46309266,0.8426
936,0.51050278,0.8352,0.46798513,0.8420
937,0.50189212,0.8373,0.45686168,0.8442
938,0.50257263,0.8407,0.52385861,0.8227
939,0.69493792,0.8094,0.60014815,0.8064
940,0.45808993,0.8707,0.59865787,0.8054
941,0.69242049,0.8061,0.46493284,0.8383
942,0.54808979,0.8286,0.46132564,0.8436
943,0.56030988,0.8307,0.46173663,0.8430
944,0.52257711,0.8375,0.48391408,0.8326
945,0.49031848,0.8461,0.56473828,0.8114
946,0.59879054,0.8237,0.49656659,0.8314
947,0.69903361,0.7929,0.45491517,0.8446
948,0.46528402,0.8513,0.46029745,0.8445
949,0.46228504,0.8617,0.49954347,0.8322
950,0.49550945,0.8514,0.50331338,0.8304
951,0.56225123,0.8409,0.47772395,0.8416
952,0.50340295,0.8528,0.49187450,0.8355
953,0.45060562,0.8657,0.55348816,0.8196
954,0.55511740,0.8232,0.46544151,0.8421
955,0.45809562,0.8557,0.51632758,0.8245
956,0.50102655,0.8449,0.46333477,0.8388
957,0.46258860,0.8518,0.63283748,0.8027
958,0.50491612,0.8432,0.61990367,0.8058
959,0.55629036,0.8314,0.46735238,0.8404
960,0.46797857,0.8571,0.56228937,0.8118
961,0.49933799,0.8413,0.45438253,0.8458
962,0.46176332,0.8587,0.47873176,0.8338
963,0.54651630,0.8322,0.47777277,0.8377
964,0.61786392,0.8215,0.45799848,0.8418
965,0.55192549,0.8428,0.51144834,0.8271
966,0.48451122,0.8432,0.52899592,0.8221
967,0.67895090,0.8031,0.55482931,0.8132
968,0.44350188,0.8721,0.56052507,0.8156
969,0.86261121,0.7980,0.55865845,0.8148
970,0.55647596,0.8261,0.46654448,0.8426
971,0.49854060,0.8451,0.47538370,0.8386
972,0.44180841,0.8702,0.47439845,0.8389
973,0.47094478,0.8509,0.50914377,0.8281
974,0.47254992,0.8597,0.50678742,0.8349
975,0.53531048,0.8327,0.46236922,0.8407
976,0.55747423,0.8319,0.53288075,0.8191
977,0.62043340,0.8112,0.46479468,0.8365
978,0.47195852,0.8496,0.49092100,0.8321
979,0.51972233,0.8359,0.46847795,0.8408
980,0.58140279,0.8281,0.49510468,0.8307
981,0.59975875,0.8114,0.45645815,0.8428
982,0.53388206,0.8468,0.50255377,0.8290
983,0.48903628,0.8425,0.47333026,0.8402
984,0.41459758,0.8680,0.46937076,0.8406
985,0.53101832,0.8431,0.45778157,0.8439
986,0.52121526,0.8408,0.45678317,0.8444
987,0.57030081,0.8330,0.47660171,0.8375
988,0.58983959,0.8242,0.51577940,0.8250
989,0.51163357,0.8409,0.47635675,0.8370
990,0.65654817,0.7962,0.46267602,0.8410
991,0.40797690,0.8688,0.45555481,0.8426
992,0.40765372,0.8668,0.47692648,0.8368
993,0.48215549,0.8498,0.46502669,0.8427
994,0.61776616,0.8230,0.46923034,0.8402
995,0.48643508,0.8593,0.48233754,0.8337
996,0.77191528,0.7877,0.46336556,0.8431
997,0.54628224,0.8344,0.45835947,0.8403
998,0.46140968,0.8582,0.46864220,0.8397
999,0.53393441,0.8358,0.53739801,0.8207
1000,0.67245756,0.8017,0.50282733,0.8209
1001,0.52409138,0.8378,0.46223378,0.8389
1002,0.41344156,0.8606,0.46046055,0.8406
1003,0.69943702,0.7849,0.45321449,0.8455
1004,0.52812655,0.8440,0.45429600,0.8450
1005,0.54852229,0.8248,0.45306659,0.8437
1006,0.58196193,0.8257,0.44941673,0.8464
1007,0.45114769,0.8645,0.45266078,0.8459
1008,0.51488762,0.8518,0.47673864,0.8390
1009,0.67513993,0.8080,0.44690096,0.8471
1010,0.64903232,0.8115,0.47989610,0.8378
1011,0.53141982,0.8465,0.50126408,0.8318
1012,0.41170504,0.8680,0.47383930,0.8419
1013,0.46683057,0.8507,0.45478551,0.8464
1014,0.55734512,0.8312,0.46758600,0.8409
1015,0.43368410,0.8698,0.51315167,0.8264
1016,0.53968718,0.8428,0.49383901,0.8317
1017,0.59627669,0.8262,0.53801311,0.8201
1018,0.61008638,0.8260,0.46093164,0.8412
1019,0.61818379,0.8158,0.48173701,0.8358
1020,0.40080447,0.8799,0.52098387,0.8230
1021,0.55954396,0.8270,0.47293869,0.8350
1022,0.50120650,0.8490,0.46165576,0.8436
1023,0.44935994,0.8670,0.45859674,0.8454
1024,0.41185262,0.8743,0.46046308,0.8418
1025,0.68122959,0.7992,0.45275620,0.8439
1026,0.58702984,0.8207,0.45249654,0.8459
1027,0.53135857,0.8615,0.53639634,0.8197
1028,0.49951939,0.8515,0.45521202,0.8457
1029,0.43481956,0.8668,0.45950761,0.8440
1030,0.60693698,0.8119,0.52884967,0.8187
1031,0.55578005,0.8288,0.47051215,0.8399
1032,0.51255156,0.8572,0.57184291,0.8108
1033,0.51368713,0.8503,0.53270643,0.8194
1034,0.63850759,0.8486,0.64824290,0.7971
1035,0.44896501,0.8623,0.56156450,0.8154
1036,0.43657880,0.8691,0.45311293,0.8481
1037,0.49786144,0.8419,0.45209710,0.8465
1038,0.56021878,0.8277,0.46750964,0.8423
1039,0.42282161,0.8755,0.47626095,0.8364
1040,0.51961597,0.8451,0.62379724,0.8049
1041,0.50404629,0.8426,0.48023300,0.8384
1042,0.48792635,0.8592,0.52346159,0.8245
1043,0.53568410,0.8401,0.48445971,0.8374
1044,0.51511297,0.8380,0.50581363,0.8299
1045,0.53504562,0.8388,0.44691194,0.8470
1046,0.56473065,0.8278,0.47451198,0.8383
1047,0.54779018,0.8380,0.44857823,0.8461
1048,0.53652910,0.8496,0.51791454,0.8233
1049,0.60882643,0.8149,0.46686803,0.8384
1050,0.48701459,0.8587,0.51439273,0.8245
1051,0.52255647,0.8285,0.45489756,0.8452
1052,0.55077016,0.8260,0.48074625,0.8369
1053,0.52066525,0.8528,0.45441042,0.8465
1054,0.48863104,0.8537,0.49561982,0.8366
1055,0.37124060,0.8863,0.46671733,0.8448
1056,0.49116805,0.8471,0.55519418,0.8194
1057,0.56312705,0.8354,0.62774943,0.8009
1058,0.57791548,0.8302,0.45044553,0.8451
1059,0.52927123,0.8315,0.47494324,0.8378
1060,0.49172126,0.8558,0.51335887,0.8248
1061,0.53388822,0.8369,0.44908537,0.8471
1062,0.50945331,0.8566,0.58656231,0.8075
1063,0.45539510,0.8583,0.46619120,0.8396
1064,0.59120984,0.8160,0.47806247,0.8306
1065,0.55488584,0.8308,0.45495306,0.8450
1066,0.42516104,0.8599,0.49020007,0.8324
1067,0.50869048,0.8436,0.48285086,0.8369
1068,0.52192813,0.8411,0.47098282,0.8418
1069,0.48340615,0.8475,0.47794571,0.8393
1070,0.59307512,0.8245,0.46146694,0.8438
1071,0.41714505,0.8713,0.45648935,0.8424
1072,0.40268230,0.8615,0.47666919,0.8368
1073,0.68070839,0.7974,0.44866890,0.8452
1074,0.48972892,0.8513,0.52286485,0.8254
1075,0.53256813,0.8428,0.47177704,0.8397
1076,0.59781723,0.8244,0.57822619,0.8123
1077,0.56750503,0.8205,0.44692117,0.8468
1078,0.51443129,0.8439,0.51535973,0.8215
1079,0.52381741,0.8375,0.46731418,0.8385
1080,0.71325185,0.8151,0.45459786,0.8420
1081,0.52370180,0.8482,0.45723308,0.8421
1082,0.46181201,0.8616,0.46213510,0.8379
1083,0.47511105,0.8642,0.44999954,0.8455
1084,0.35353324,0.8877,0.47606666,0.8353
1085,0.54559248,0.8332,0.46085404,0.8394
1086,0.57644369,0.8206,0.44733266,0.8452
1087,0.42846641,0.8628,0.48062842,0.8372
1088,0.67322738,0.7917,0.45796222,0.8392
1089,0.50187805,0.8563,0.46690895,0.8388
1090,0.57115419,0.8324,0.44603008,0.8470
1091,0.54709057,0.8379,0.60267120,0.8102
1092,0.55800343,0.8331,0.45897992,0.8445
1093,0.42889986,0.8755,0.59271118,0.8123
1094,0.58763399,0.8372,0.46687819,0.8417
1095,0.64819753,0.8331,0.50576866,0.8294
1096,0.57576535,0.8312,0.45316941,0.8436
1097,0.47389645,0.8529,0.46172636,0.8422
1098,0.39560079,0.8699,0.44598602,0.8472
1099,0.48893066,0.8546,0.45027166,0.8450
1100,0.35172780,0.8815,0.47726274,0.8375
1101,0.50007203,0.8437,0.45159021,0.8443
1102,0.58275043,0.8214,0.48146466,0.8392
1103,0.56071812,0.8409,0.45779223,0.8456
1104,0.56938544,0.8203,0.44728821,0.8454
1105,0.59748923,0.8204,0.45618742,0.8452
1106,0.54557290,0.8396,0.45189334,0.8460
1107,0.55392808,0.8364,0.52430525,0.8249
1108,0.53666552,0.8430,0.55905762,0.8155
1109,0.57795732,0.8195,0.44905973,0.8468
1110,0.48428784,0.8425,0.45685435,0.8400
1111,0.43443433,0.8571,0.45054997,0.8459
1112,0.49917135,0.8501,0.46699141,0.8426
1113,0.50462429,0.8520,0.45856868,0.8441
1114,0.52182255,0.8373,0.50335785,0.8295
1115,0.46175229,0.8519,0.48740172,0.8343
1116,0.54231372,0.8354,0.44757393,0.8465
1117,0.49528405,0.8539,0.47469492,0.8352
1118,0.49131519,0.8612,0.54273716,0.8180
1119,0.49284320,0.8561,0.47128093,0.8422
1120,0.47793560,0.8472,0.45064466,0.8474
1121,0.49082936,0.8457,0.53189680,0.8236
1122,0.56470145,0.8297,0.47059085,0.8365
1123,0.59324100,0.8148,0.44900579,0.8465
1124,0.45871565,0.8496,0.45633063,0.8443
1125,0.54296138,0.8367,0.46669936,0.8416
1126,0.53118581,0.8339,0.45254060,0.8460
1127,0.44464698,0.8659,0.46758514,0.8412
1128,0.48418184,0.8443,0.44971927,0.8464
1129,0.48567432,0.8558,0.45293359,0.8449
1130,0.58258894,0.8282,0.46983140,0.8347
1131,0.44638773,0.8550,0.47903828,0.8346
1132,0.62822950,0.8318,0.44675186,0.8458
1133,0.54950063,0.8172,0.45214126,0.8460
1134,0.49870165,0.8578,0.45916164,0.8432
1135,0.46516641,0.8508,0.61205132,0.8071
1136,0.58950020,0.8119,0.45437804,0.8452
1137,0.53864430,0.8327,0.54398751,0.8174
1138,0.48122356,0.8458,0.55600587,0.8205
1139,0.44331299,0.8626,0.44759985,0.8443
1140,0.45729503,0.8565,0.46561604,0.8410
1141,0.44978295,0.8536,0.45004661,0.8439
1142,0.39772515,0.8689,0.48435653,0.8390
1143,0.64422607,0.8158,0.45324850,0.8444
1144,0.50675253,0.8445,0.49215613,0.8337
1145,0.52544436,0.8558,0.44426600,0.8459
1146,0.45027582,0.8568,0.48893876,0.8305
1147,0.51821827,0.8498,0.45932087,0.8409
1148,0.53266542,0.8406,0.52020752,0.8280
1149,0.42679723,0.8695,0.46405028,0.8429
1150,0.45048856,0.8546,0.59761820,0.8096
1151,0.45285882,0.8612,0.54181715,0.8191
1152,0.53768766,0.8360,0.45092996,0.8446
1153,0.53670837,0.8285,0.44969800,0.8458
1154,0.51202017,0.8418,0.48221423,0.8334
1155,0.44594780,0.8522,0.44875940,0.8438
1156,0.44509052,0.8693,0.52670014,0.8206
1157,0.88124006,0.7777,0.45762989,0.8431
1158,0.38301371,0.8832,0.50941498,0.8269
1159,0.59733585,0.8260,0.44402400,0.8450
1160,0.48819181,0.8639,0.44083121,0.8499
1161,0.41705375,0.8655,0.44906302,0.8458
1162,0.49933762,0.8418,0.44959475,0.8468
1163,0.40163246,0.8731,0.53957933,0.8260
1164,0.48399445,0.8453,0.46541493,0.8441
1165,0.44489951,0.8601,0.47760447,0.8358
1166,0.44646501,0.8602,0.48742718,0.8383
1167,0.43593361,0.8667,0.44974743,0.8477
1168,0.62912407,0.8097,0.46102680,0.8424
1169,0.48311075,0.8588,0.50678275,0.8290
1170,0.56198427,0.8403,0.45087512,0.8435
1171,0.51360297,0.8361,0.44619458,0.8458
1172,0.66647102,0.7832,0.55316904,0.8137
1173,0.52212101,0.8350,0.45498772,0.8402
1174,0.51979809,0.8328,0.44578193,0.8463
1175,0.50178777,0.8478,0.44722630,0.8470
1176,0.34200448,0.8903,0.44326020,0.8466
1177,0.41305791,0.8741,0.45116274,0.8452
1178,0.43397533,0.8564,0.55278665,0.8191
1179,0.48355039,0.8614,0.48138890,0.8392
1180,0.60058497,0.8323,0.45513733,0.8451
1181,0.55835277,0.8509,0.47543028,0.8387
1182,0.59937533,0.8246,0.44659980,0.8444
1183,0.52436014,0.8402,0.46139791,0.8364
1184,0.64663289,0.7969,0.45040278,0.8457
1185,0.49352050,0.8392,0.44424707,0.8469
1186,0.46655661,0.8596,0.43817220,0.8488
1187,0.46518866,0.8615,0.44223394,0.8472
1188,0.53211415,0.8352,0.45285035,0.8412
1189,0.49398460,0.8510,0.56859309,0.8150
1190,0.51191672,0.8424,0.46365725,0.8382
1191,0.39856387,0.8677,0.50042711,0.8328
1192,0.50788145,0.8289,0.46901822,0.8413
1193,0.46984822,0.8548,0.44592090,0.8460
1194,0.45665358,0.8587,0.46993011,0.8387
1195,0.51225200,0.8337,0.45690458,0.8418
1196,0.43363947,0.8618,0.54071006,0.8176
1197,0.58391188,0.8243,0.44746414,0.8456
1198,0.45067588,0.8515,0.53633359,0.8207
1199,0.54505116,0.8449,0.44001909,0.8475
1200,0.47466211,0.8513,0.45715752,0.8377
1201,0.47117515,0.8563,0.45505049,0.8470
1202,0.48329152,0.8516,0.46971081,0.8379
1203,0.50505927,0.8577,0.57770034,0.8114
1204,0.57476713,0.8295,0.45792599,0.8371
1205,0.44449658,0.8601,0.52478774,0.8278
1206,0.66542911,0.8017,0.46061992,0.8426
1207,0.51182771,0.8507,0.47450289,0.8397
1208,0.53633514,0.8348,0.45716378,0.8435
1209,0.49299390,0.8450,0.44604254,0.8485
1210,0.49745434,0.8422,0.44506277,0.8480
1211,0.51481829,0.8557,0.44454617,0.8474
1212,0.58229746,0.8235,0.46037372,0.8418
1213,0.42240851,0.8754,0.46433369,0.8350
1214,0.53196540,0.8363,0.46927149,0.8395
1215,0.48068968,0.8617,0.45322711,0.8389
1216,0.44619076,0.8626,0.50659799,0.8308
1217,0.53205532,0.8440,0.44719602,0.8474
1218,0.43023148,0.8673,0.45702274,0.8441
1219,0.68316836,0.8087,0.44338022,0.8500
1220,0.43112123,0.8628,0.57856407,0.8117
1221,0.59992739,0.8194,0.44308747,0.8486
1222,0.48682582,0.8532,0.44813325,0.8494
1223,0.44518565,0.8517,0.49746745,0.8353
1224,0.55314880,0.8250,0.44332114,0.8484
1225,0.40696667,0.8711,0.56014545,0.8177
1226,0.40024279,0.8829,0.50674160,0.8292
1227,0.48915965,0.8482,0.44190998,0.8498
1228,0.45799359,0.8535,0.47886603,0.8364
1229,0.56410853,0.8386,0.45317096,0.8440
1230,0.64331868,0.8147,0.44848601,0.8433
1231,0.42287608,0.8770,0.46167570,0.8411
1232,0.45998776,0.8567,0.46668468,0.8426
1233,0.51138628,0.8426,0.45200252,0.8483
1234,0.47903154,0.8576,0.48953804,0.8373
1235,0.53463327,0.8338,0.52486192,0.8243
1236,0.53050885,0.8439,0.45182122,0.8416
1237,0.42923352,0.8657,0.44473087,0.8493
1238,0.49643707,0.8532,0.48360465,0.8399
1239,0.45261978,0.8676,0.50442944,0.8302
1240,0.48360534,0.8553,0.46130049,0.8432
1241,0.51684296,0.8405,0.55362197,0.8199
1242,0.44529827,0.8619,0.46337484,0.8428
1243,0.36418713,0.8900,0.49716884,0.8297
1244,0.53528535,0.8424,0.44724253,0.8440
1245,0.37944863,0.8736,0.45767842,0.8459
1246,0.50765827,0.8508,0.44923284,0.8456
1247,0.43215337,0.8611,0.52282477,0.8281
1248,0.47690780,0.8587,0.44704751,0.8480
1249,0.53747997,0.8407,0.44184216,0.8486
1250,0.36476802,0.8869,0.48084678,0.8397
1251,0.49016521,0.8544,0.61782028,0.8099
1252,0.65770284,0.8078,0.47058535,0.8393
1253,0.55385613,0.8357,0.53631673,0.8239
1254,0.52429113,0.8351,0.43866036,0.8497
1255,0.36192581,0.8799,0.55211799,0.8212
1256,0.42467093,0.8737,0.46279832,0.8454
1257,0.55826038,0.8362,0.44979323,0.8424
1258,0.46797174,0.8543,0.44874687,0.8474
1259,0.45324648,0.8532,0.47919722,0.8392
1260,0.54852854,0.8311,0.44775003,0.8464
1261,0.54713763,0.8387,0.44186623,0.8496
1262,0.48402572,0.8533,0.52355017,0.8269
1263,0.54189516,0.8408,0.43575442,0.8513
1264,0.43644321,0.8600,0.48943505,0.8373
1265,0.63281557,0.8088,0.45418311,0.8401
1266,0.44076717,0.8631,0.44319653,0.8473
1267,0.37550017,0.8710,0.56558764,0.8175
1268,0.56704697,0.8419,0.58883688,0.8119
1269,0.85089677,0.7827,0.47964030,0.8376
1270,0.54374489,0.8402,0.45887468,0.8399
1271,0.43199428,0.8595,0.54515255,0.8202
1272,0.44449138,0.8663,0.48044223,0.8379
1273,0.36537941,0.8848,0.54765018,0.8198
1274,0.57301113,0.8195,0.44319860,0.8477
1275,0.53063363,0.8389,0.46087027,0.8366
1276,0.47567685,0.8416,0.51741565,0.8231
1277,0.44870702,0.8594,0.52444570,0.8246
1278,0.49186497,0.8559,0.45165414,0.8485
1279,0.35103035,0.8939,0.49566252,0.8356
1280,0.61592739,0.8032,0.47531833,0.8362
1281,0.50708266,0.8521,0.46728865,0.8411
1282,0.46482039,0.8470,0.43738197,0.8509
1283,0.52564752,0.8358,0.43713757,0.8505
1284,0.51006959,0.8427,0.46620386,0.8390
1285,0.48863442,0.8510,0.43896189,0.8490
1286,0.47284663,0.8553,0.43854686,0.8505
1287,0.41911140,0.8725,0.46842356,0.8392
1288,0.44368424,0.8721,0.65150283,0.8022
1289,0.60217630,0.8137,0.44450968,0.8473
1290,0.50116080,0.8554,0.44025785,0.8495
1291,0.51878414,0.8470,0.43513087,0.8501
1292,0.49561322,0.8533,0.50862275,0.8278
1293,0.53505975,0.8396,0.44072361,0.8480
1294,0.47832615,0.8582,0.45791671,0.8465
1295,0.49205011,0.8471,0.44583444,0.8471
1296,0.49325925,0.8471,0.55916548,0.8187
1297,0.49818366,0.8528,0.48430306,0.8362
1298,0.54726990,0.8320,0.45017454,0.8476
1299,0.41828896,0.8741,0.51840680,0.8312
1300,0.60215968,0.8314,0.43953888,0.8484
1301,0.42288033,0.8706,0.44110954,0.8483
1302,0.45938912,0.8637,0.53179743,0.8258
1303,0.56874763,0.8398,0.43960476,0.8511
1304,0.47054999,0.8554,0.49090696,0.8379
1305,0.48579412,0.8480,0.44126430,0.8486
1306,0.45614503,0.8566,0.44650068,0.8446
1307,0.54848323,0.8416,0.43691116,0.8493
1308,0.48459266,0.8481,0.45282575,0.8456
1309,0.50163895,0.8358,0.61897519,0.8104
1310,0.55718519,0.8289,0.45438580,0.8429
1311,0.44456673,0.8618,0.51825679,0.8278
1312,0.39993910,0.8743,0.43780148,0.8503
1313,0.58764203,0.8433,0.45518656,0.8424
1314,0.49177540,0.8580,0.49109619,0.8321
1315,0.43136594,0.8777,0.48034936,0.8339
1316,0.51750603,0.8448,0.44034702,0.8501
1317,0.60809915,0.8273,0.43292345,0.8506
1318,0.43950833,0.8528,0.43882569,0.8483
1319,0.54711430,0.8303,0.43365996,0.8492
1320,0.41189751,0.8759,0.44018086,0.8471
1321,0.49661379,0.8432,0.50217609,0.8249
1322,0.37795031,0.8839,0.54952664,0.8151
1323,0.40459324,0.8716,0.44222501,0.8429
1324,0.42776106,0.8654,0.43886968,0.8484
1325,0.37949008,0.8760,0.45298976,0.8454
1326,0.42950346,0.8652,0.55926356,0.8200
1327,0.43171587,0.8598,0.46594088,0.8434
1328,0.51968382,0.8428,0.43429742,0.8494
1329,0.47865631,0.8495,0.50958097,0.8280
1330,0.52712725,0.8435,0.49792644,0.8335
1331,0.60602906,0.8228,0.46191826,0.8432
1332,0.52518997,0.8404,0.44264487,0.8479
1333,0.59687856,0.8267,0.50785248,0.8298
1334,0.48316421,0.8591,0.44122617,0.8495
1335,0.51456087,0.8421,0.43655053,0.8493
1336,0.50938640,0.8446,0.49455858,0.8320
1337,0.40920222,0.8691,0.45590680,0.8455
1338,0.58009353,0.8107,0.43338475,0.8499
1339,0.42333338,0.8656,0.54887842,0.8214
1340,0.46513392,0.8555,0.46765075,0.8423
1341,0.52095206,0.8432,0.43379949,0.8503
1342,0.41733861,0.8672,0.51295054,0.8277
1343,0.45997470,0.8600,0.45580164,0.8465
1344,0.49657284,0.8426,0.47580961,0.8372
1345,0.47356958,0.8569,0.66476843,0.8050
1346,0.59958710,0.8245,0.43620329,0.8503
1347,0.51508874,0.8396,0.46651948,0.8375
1348,0.66553100,0.8255,0.45315245,0.8436
1349,0.48502926,0.8471,0.48249122,0.8358
1350,0.52103170,0.8315,0.52727834,0.8205
1351,0.47115308,0.8489,0.45961767,0.8352
1352,0.51829158,0.8393,0.43523457,0.8496
1353,0.44548692,0.8683,0.48248118,0.8347
1354,0.54423393,0.8392,0.55359035,0.8152
1355,0.60150351,0.8233,0.44572035,0.8457
1356,0.47272960,0.8627,0.44178899,0.8464
1357,0.48189393,0.8651,0.46182949,0.8358
1358,0.48939792,0.8373,0.44870865,0.8439
1359,0.46288247,0.8545,0.43855215,0.8498
1360,0.49114362,0.8512,0.47592961,0.8373
1361,0.59003357,0.8294,0.44259831,0.8461
1362,0.45000457,0.8625,0.47037777,0.8393
1363,0.50930770,0.8510,0.45620042,0.8426
1364,0.45494886,0.8570,0.49024161,0.8304
1365,0.42106088,0.8678,0.47806482,0.8379
1366,0.57376637,0.8286,0.45892516,0.8445
1367,0.42243882,0.8628,0.57479709,0.8145
1368,0.37408177,0.8827,0.47390026,0.8381
1369,0.53750021,0.8466,0.43493640,0.8512
1370,0.42417822,0.8744,0.45767007,0.8448
1371,0.57957283,0.8247,0.43604131,0.8472
1372,0.50027045,0.8460,0.44023481,0.8489
1373,0.44666396,0.8595,0.50183764,0.8269
1374,0.63250166,0.8145,0.44025469,0.8476
1375,0.59494422,0.8343,0.43262997,0.8512
1376,0.53232588,0.8288,0.47666959,0.8373
1377,0.54510819,0.8370,0.57730351,0.8137
1378,21.93162318,0.6717,1.95125897,0.6511
1379,1.47834696,0.6980,0.68093835,0.8001
1380,0.77708017,0.7924,0.55981221,0.8210
1381,0.67139104,0.8028,0.52781925,0.8240
1382,0.59848038,0.8251,0.50181725,0.8321
1383,0.62819669,0.8282,0.49674329,0.8322
1384,0.53701491,0.8417,0.48703311,0.8343
1385,0.45838419,0.8447,0.52708168,0.8185
1386,0.71576816,0.7908,0.50327316,0.8320
1387,0.59891371,0.8072,0.49491519,0.8320
1388,0.65469009,0.8198,0.47294048,0.8405
1389,0.51031314,0.8427,0.50845713,0.8303
1390,0.58147054,0.8278,0.50014475,0.8320
1391,0.71984723,0.7852,0.46496122,0.8450
1392,0.52145689,0.8539,0.51004921,0.8271
1393,0.53465837,0.8391,0.52866183,0.8189
1394,0.50198696,0.8492,0.46400929,0.8413
1395,0.58024653,0.8269,0.46718258,0.8406
1396,0.51453902,0.8514,0.49874797,0.8299
1397,0.54756681,0.8380,0.51467920,0.8231
1398,0.49625205,0.8466,0.47555959,0.8359
1399,0.45584219,0.8582,0.54629162,0.8164
1400,0.57674737,0.8235,0.46394237,0.8435
1401,0.63777036,0.8153,0.48246310,0.8332
1402,0.48001477,0.8538,0.46787929,0.8426
1403,0.69887914,0.8109,0.45741947,0.8478
1404,0.46133733,0.8678,0.52198667,0.8217
1405,0.65573392,0.8079,0.55663637,0.8112
1406,0.48332372,0.8493,0.48233681,0.8351
1407,0.53298306,0.8372,0.47619404,0.8374
1408,0.61513701,0.8108,0.51782257,0.8187
1409,0.55091096,0.8319,0.48809569,0.8328
1410,0.47659856,0.8496,0.53368184,0.8190
1411,0.52893580,0.8441,0.47472796,0.8382
1412,0.42502482,0.8763,0.46666874,0.8399
1413,0.53978505,0.8339,0.45004248,0.8479
1414,0.52387252,0.8461,0.51711659,0.8255
1415,0.52389586,0.8430,0.52061905,0.8206
1416,0.52663328,0.8356,0.45227325,0.8457
1417,0.54183214,0.8290,0.45205490,0.8474
1418,0.58554206,0.8142,0.45146282,0.8488
1419,0.48388198,0.8515,0.46995637,0.8417
1420,0.51977418,0.8422,0.55499619,0.8174
1421,0.40130868,0.8738,0.52301694,0.8213
1422,0.59069414,0.8264,0.50515526,0.8257
1423,0.47959638,0.8545,0.51621789,0.8254
1424,0.52544176,0.8422,0.46633616,0.8417
1425,0.50386737,0.8517,0.53098340,0.8207
1426,0.58442599,0.8221,0.45092986,0.8467
1427,0.51059798,0.8445,0.45418046,0.8463
1428,0.53489498,0.8304,0.48721027,0.8335
1429,0.56558604,0.8256,0.47660362,0.8360
1430,0.42560801,0.8639,0.44748784,0.8476
1431,0.60076008,0.8310,0.48380562,0.8359
1432,0.46615323,0.8530,0.50799994,0.8258
1433,0.76821705,0.7888,0.44570005,0.8465
1434,0.57771667,0.8293,0.47095497,0.8423
1435,0.57564375,0.8221,0.44501682,0.8483
1436,0.43038993,0.8678,0.51658184,0.8281
1437,0.50107345,0.8415,0.44344548,0.8488
1438,0.44347726,0.8612,0.46697320,0.8409
1439,0.53907346,0.8411,0.45885155,0.8440
1440,0.55137609,0.8291,0.45903730,0.8437
1441,0.49830838,0.8447,0.45376534,0.8437
1442,0.46695149,0.8542,0.52576200,0.8266
1443,0.60973128,0.8374,0.44947347,0.8472
1444,0.44595287,0.8710,0.44481643,0.8487
1445,0.50512064,0.8540,0.48678757,0.8311
1446,0.60451078,0.8282,0.48755732,0.8326
1447,0.61752175,0.8232,0.45052501,0.8466
1448,0.50119146,0.8458,0.45732951,0.8457
1449,0.44907050,0.8558,0.45772214,0.8437
1450,0.44602251,0.8524,0.47567827,0.8373
1451,0.50808465,0.8335,0.46058980,0.8428
1452,0.52406851,0.8308,0.44345691,0.8471
1453,0.50693077,0.8522,0.44801033,0.8470
1454,0.52571034,0.8423,0.50407754,0.8282
1455,0.60182583,0.8214,0.44690228,0.8483
1456,0.42149722,0.8672,0.45630912,0.8451
1457,0.55018127,0.8312,0.52539095,0.8218
1458,0.46583279,0.8580,0.44716380,0.8494
1459,0.52837151,0.8406,0.46034586,0.8412
1460,0.40742895,0.8717,0.57821422,0.8120
1461,0.53032098,0.8373,0.48384132,0.8328
1462,0.49126882,0.8484,0.53656423,0.8199
1463,0.45041602,0.8602,0.49928655,0.8308
1464,0.47767139,0.8529,0.48081092,0.8332
1465,0.78541488,0.7654,0.49465281,0.8324
1466,0.53351400,0.8476,0.46854225,0.8420
1467,0.46294065,0.8549,0.44814697,0.8479
1468,0.54222730,0.8449,0.45812324,0.8461
1469,0.42824216,0.8684,0.52242169,0.8258
1470,0.53157742,0.8364,0.45141330,0.8466
1471,0.54768524,0.8329,0.46057876,0.8430
1472,0.62737927,0.8128,0.52139715,0.8244
1473,0.44383962,0.8703,0.44093211,0.8491
1474,0.61944196,0.8146,0.44749980,0.8451
1475,0.49077529,0.8434,0.45026774,0.8460
1476,0.43078149,0.8779,0.46406906,0.8406
1477,0.61688417,0.7944,0.56105770,0.8159
1478,0.53258269,0.8460,0.44041979,0.8504
1479,0.46821454,0.8601,0.43936045,0.8504
1480,0.45834937,0.8617,0.50848589,0.8312
1481,0.47304280,0.8485,0.47922765,0.8378
1482,0.49911501,0.8514,0.44900239,0.8488
1483,0.51493365,0.8405,0.45162736,0.8476
1484,0.45855213,0.8577,0.45136341,0.8434
1485,0.42277267,0.8675,0.49181517,0.8300
1486,0.52106446,0.8381,0.49783305,0.8296
1487,0.49746946,0.8468,0.45677604,0.8450
1488,0.53157410,0.8324,0.45370962,0.8427
1489,0.47368616,0.8593,0.44995622,0.8416
1490,0.46983080,0.8570,0.48334493,0.8322
1491,0.46048021,0.8526,0.49662885,0.8304
1492,0.40780999,0.8690,0.50561458,0.8297
1493,0.55731000,0.8451,0.47224301,0.8357
1494,0.46773677,0.8507,0.47917595,0.8338
1495,0.51229236,0.8446,0.43722128,0.8492
1496,0.44430145,0.8608,0.43911654,0.8493
1497,0.54394437,0.8470,0.43716120,0.8504
1498,0.50381786,0.8393,0.43945385,0.8495
1499,0.41686521,0.8803,0.51075588,0.8275
1500,0.53302064,0.8385,0.53152967,0.8244
1501,0.53248988,0.8405,0.46819761,0.8382
1502,0.47789463,0.8695,0.45692270,0.8386
1503,0.43325770,0.8641,0.50277999,0.8277
1504,0.45458944,0.8613,0.44330385,0.8485
1505,0.53986624,0.8425,0.48670114,0.8314
1506,0.49798737,0.8406,0.46077619,0.8455
1507,0.56269201,0.8473,0.54945312,0.8183
1508,0.41021967,0.8760,0.46254810,0.8448
1509,0.55920787,0.8324,0.50010163,0.8335
1510,0.41649022,0.8679,0.52187158,0.8257
1511,0.55920882,0.8317,0.48648903,0.8342
1512,0.43303021,0.8672,0.47521468,0.8400
1513,0.40591133,0.8753,0.50530581,0.8283
1514,0.43631695,0.8695,0.45866807,0.8435
1515,0.52989990,0.8382,0.47861878,0.8355
1516,0.80158328,0.8010,0.54182939,0.8192
1517,0.47841137,0.8350,0.45265270,0.8469
1518,0.73291546,0.7950,0.44169327,0.8494
1519,0.41631602,0.8715,0.43961736,0.8500
1520,0.41756060,0.8713,0.46412522,0.8426
1521,0.61216609,0.8231,0.44592690,0.8446
1522,0.57095630,0.8363,0.43469159,0.8505
1523,0.53016553,0.8414,0.44477287,0.8483
1524,0.43758920,0.8638,0.46033976,0.8399
1525,0.37084712,0.8879,0.43926174,0.8494
1526,0.39794106,0.8736,0.55834387,0.8177
1527,0.52411706,0.8462,0.44509051,0.8491
1528,0.45615603,0.8549,0.47690635,0.8374
1529,0.48755460,0.8463,0.49734460,0.8279
1530,0.54970915,0.8330,0.44118972,0.8478
1531,0.56120995,0.8294,0.46777317,0.8419
1532,0.55485071,0.8343,0.49965509,0.8287
1533,0.51539513,0.8330,0.46434005,0.8380
1534,0.50244655,0.8541,0.45921432,0.8393
1535,0.46420802,0.8636,0.48156600,0.8379
1536,0.59864154,0.8283,0.55451494,0.8189
1537,0.61213847,0.8040,0.44439612,0.8464
1538,0.57126137,0.8218,0.46082619,0.8394
1539,0.46213963,0.8669,0.44166746,0.8476
1540,0.57923536,0.8284,0.46098087,0.8391
1541,0.71708197,0.8010,0.47639915,0.8344
1542,0.51331244,0.8531,0.47422631,0.8350
1543,0.38591931,0.8831,0.48713299,0.8352
1544,0.55032877,0.8384,0.51352009,0.8221
1545,0.52896029,0.8291,0.43720097,0.8493
1546,0.35912737,0.8841,0.57562929,0.8143
1547,0.46956068,0.8577,0.44604699,0.8480
1548,0.45179571,0.8570,0.44671667,0.8443
1549,0.50151216,0.8493,0.43896081,0.8511
1550,0.55233802,0.8320,0.45830820,0.8425
1551,0.43802095,0.8701,0.44566037,0.8489
1552,0.45708876,0.8572,0.52731397,0.8257
1553,0.58059137,0.8166,0.44348775,0.8489
1554,0.49616270,0.8487,0.44619328,0.8484
1555,0.63279155,0.8267,0.55585220,0.8159
1556,0.51081905,0.8460,0.43968640,0.8483
1557,0.57522264,0.8343,0.44025013,0.8496
1558,0.50884288,0.8405,0.48259602,0.8328
1559,0.55301997,0.8332,0.44512954,0.8476
1560,0.48715010,0.8588,0.56436544,0.8137
1561,0.40242478,0.8637,0.46025982,0.8435
1562,0.42240988,0.8634,0.51291759,0.8232
1563,0.48791001,0.8506,0.43548510,0.8502
1564,0.52110979,0.8464,0.43750848,0.8509
1565,0.43364542,0.8531,0.44369840,0.8475
1566,0.55514268,0.8325,0.45428574,0.8390
1567,0.57174983,0.8117,0.43373940,0.8507
1568,0.61994734,0.8035,0.43902061,0.8491
1569,0.60306469,0.8275,0.44079643,0.8483
1570,0.46094047,0.8666,0.47918693,0.8354
1571,0.46240010,0.8607,0.43422436,0.8499
1572,0.47465489,0.8433,0.44460996,0.8470
1573,0.53692771,0.8401,0.46007152,0.8391
1574,0.54896352,0.8261,0.46184420,0.8452
1575,0.52518977,0.8372,0.44427452,0.8474
1576,0.51367491,0.8408,0.50290944,0.8303
1577,0.45773204,0.8594,0.54484099,0.8216
1578,0.65037474,0.8117,0.44460703,0.8505
1579,0.43564588,0.8681,0.43746815,0.8518
1580,0.43926373,0.8666,0.49439799,0.8312
1581,0.48545880,0.8506,0.44096264,0.8500
1582,0.50194204,0.8477,0.44915086,0.8466
1583,0.53104311,0.8378,0.43814599,0.8485
1584,0.43968483,0.8651,0.45972248,0.8408
1585,0.46304040,0.8617,0.58036575,0.8123
1586,0.50659353,0.8471,0.47787645,0.8347
1587,0.46588983,0.8609,0.46082098,0.8431
1588,0.46960971,0.8511,0.46237850,0.8436
1589,0.51379927,0.8477,0.45017510,0.8455
1590,0.49878530,0.8405,0.45092578,0.8454
1591,0.43867573,0.8571,0.63000506,0.8071
1592,0.60296697,0.8172,0.46086713,0.8393
1593,0.43737668,0.8637,0.46458708,0.8390
1594,0.46161658,0.8454,0.44902418,0.8482
1595,0.57686762,0.8328,0.44092660,0.8470
1596,0.54145446,0.8217,0.44493010,0.8486
1597,0.50680104,0.8492,0.45291645,0.8466
1598,0.58949336,0.8162,0.49070046,0.8342
1599,0.50538762,0.8448,0.52648113,0.8183
1600,0.45371738,0.8691,0.55673166,0.8183
1601,0.53379757,0.8382,0.43487853,0.8511
1602,0.41367620,0.8756,0.47672642,0.8363
1603,0.45370510,0.8611,0.44679828,0.8463
1604,0.47343626,0.8400,0.49806920,0.8280
1605,0.40226869,0.8665,0.45221953,0.8447
1606,0.49451326,0.8448,0.44983615,0.8418
1607,0.43937628,0.8621,0.47225865,0.8410
1608,0.49014720,0.8565,0.48416146,0.8404
1609,0.49319851,0.8530,0.62894327,0.8089
1610,0.51271851,0.8331,0.45116710,0.8419
1611,0.50918734,0.8441,0.43430572,0.8520
1612,0.45929200,0.8601,0.49194277,0.8356
1613,0.54624423,0.8392,0.43638012,0.8502
1614,0.45354890,0.8504,0.51218347,0.8280
1615,0.52894528,0.8362,0.44279426,0.8491
1616,0.38517649,0.8785,0.51293537,0.8272
1617,0.53391066,0.8382,0.44068231,0.8496
1618,0.41678287,0.8699,0.50948525,0.8304
1619,0.63647815,0.8132,0.44147627,0.8462
1620,0.51192073,0.8471,0.46213332,0.8396
1621,0.39589270,0.8838,0.46147356,0.8429
1622,0.57393887,0.8142,0.64739424,0.8035
1623,0.52081965,0.8329,0.44228701,0.8497
1624,0.48331318,0.8482,0.47353745,0.8360
1625,0.48200334,0.8545,0.43639891,0.8503
1626,0.49508252,0.8413,0.44536828,0.8466
1627,0.46726993,0.8453,0.46609049,0.8364
1628,0.48278556,0.8515,0.46146068,0.8374
1629,0.38874775,0.8815,0.50035080,0.8280
1630,0.47637886,0.8515,0.49668955,0.8279
1631,0.49967286,0.8399,0.44048520,0.8476
1632,0.54239511,0.8219,0.43947024,0.8490
1633,0.59020423,0.8386,0.43514754,0.8492
1634,0.41531281,0.8734,0.54743517,0.8201
1635,0.55826663,0.8314,0.47932489,0.8365
1636,0.40295035,0.8753,0.49666041,0.8330
1637,0.40166401,0.8795,0.50163620,0.8298
1638,0.34529510,0.8938,0.57202089,0.8168
1639,0.55084997,0.8380,0.48736953,0.8333
1640,0.62911996,0.8274,0.44604977,0.8494
1641,0.40374410,0.8619,0.43330969,0.8531
1642,0.54787451,0.8243,0.46373624,0.8423
1643,0.40737716,0.8697,0.44370092,0.8488
1644,0.46020636,0.8556,0.55967996,0.8214
1645,0.37426064,0.8823,0.62710056,0.8096
1646,0.58806126,0.8360,0.45273679,0.8438
1647,0.47073025,0.8550,0.50969804,0.8274
1648,0.55254421,0.8252,0.43557026,0.8510
1649,0.48190999,0.8436,0.43744330,0.8494
1650,0.40640608,0.8786,0.44226380,0.8475
1651,0.45918380,0.8583,0.45772886,0.8431
1652,0.46630798,0.8548,0.52057537,0.8249
1653,0.44875631,0.8566,0.45490229,0.8441
1654,0.69787908,0.8084,0.43479281,0.8514
1655,0.52235937,0.8448,0.43504384,0.8507
1656,0.41459041,0.8741,0.44948181,0.8486
1657,0.49291608,0.8521,0.44964427,0.8496
1658,0.39316541,0.8675,0.43239244,0.8520
1659,0.47980768,0.8468,0.46581542,0.8429
1660,0.46435364,0.8519,0.53093909,0.8270
1661,0.56771285,0.8294,0.43873844,0.8512
1662,0.49208875,0.8378,0.44026099,0.8497
1663,0.51954958,0.8384,0.44168480,0.8491
1664,0.51364556,0.8327,0.43689880,0.8505
1665,0.44543721,0.8605,0.45152162,0.8465
1666,0.54450864,0.8358,0.43442523,0.8523
1667,0.52338419,0.8367,0.43818653,0.8506
1668,0.45846981,0.8579,0.52047125,0.8277
1669,0.43020422,0.8645,0.50574271,0.8320
1670,0.53818246,0.8225,0.43290501,0.8501
1671,0.60149166,0.8230,0.43689157,0.8525
1672,0.58315512,0.8305,0.51309681,0.8250
1673,0.52083745,0.8429,0.46391130,0.8463
1674,0.54504003,0.8318,0.44190411,0.8500
1675,0.36935661,0.8812,0.44977739,0.8453
1676,0.96911159,0.7947,0.47120825,0.8438
1677,0.48494420,0.8542,0.45161466,0.8451
1678,0.41840866,0.8617,0.47317786,0.8405
1679,0.50698357,0.8462,0.43399441,0.8514
1680,0.39152096,0.8832,0.54302953,0.8221
1681,0.43919582,0.8593,0.50023211,0.8231
1682,0.47432119,0.8493,0.45242711,0.8419
1683,0.57708634,0.8209,0.48000806,0.8342
1684,0.47188537,0.8605,0.49525758,0.8316
1685,0.62207860,0.8132,0.43472891,0.8484
1686,0.46971678,0.8617,0.52275207,0.8279
1687,0.44889809,0.8555,0.45474227,0.8469
1688,0.48418367,0.8600,0.50024074,0.8347
1689,0.72150090,0.8032,0.45728366,0.8467
1690,0.45536170,0.8635,0.54542175,0.8214
1691,0.49321731,0.8440,0.43765796,0.8476
1692,0.38243291,0.8817,0.43864278,0.8509
1693,0.53677523,0.8487,0.43908647,0.8507
1694,0.36377442,0.8859,0.57139984,0.8209
1695,0.48503611,0.8471,0.43936353,0.8506
1696,0.47106365,0.8570,0.44584625,0.8496
1697,0.53606834,0.8454,0.46046929,0.8462
1698,0.67756491,0.8093,0.44508988,0.8493
1699,0.48064079,0.8492,0.44112767,0.8494
1700,0.48367103,0.8422,0.44619454,0.8496
1701,0.50960286,0.8530,0.44765139,0.8471
1702,0.50954287,0.8409,0.43867871,0.8508
1703,0.47725178,0.8549,0.44694231,0.8453
1704,0.39656921,0.8778,0.63866198,0.8059
1705,0.52404667,0.8353,0.43992632,0.8520
1706,0.46478832,0.8508,0.45538189,0.8466
1707,0.40201885,0.8628,0.46354840,0.8424
1708,0.43894120,0.8716,0.43602024,0.8500
1709,0.46721738,0.8568,0.43763913,0.8497
1710,0.46348458,0.8502,0.44357558,0.8499
1711,0.38923203,0.8766,0.60281983,0.8127
1712,0.51533884,0.8402,0.47488751,0.8416
1713,0.76510083,0.8072,0.44728408,0.8503
1714,0.47284346,0.8626,0.48541632,0.8356
1715,0.49072470,0.8418,0.49081764,0.8379
1716,0.40789822,0.8735,0.44119616,0.8494
1717,0.47424602,0.8469,0.52804878,0.8252
1718,0.57612931,0.8435,0.45345786,0.8473
1719,0.47184523,0.8544,0.43726303,0.8494
1720,0.40608977,0.8707,0.50120355,0.8303
1721,0.46467976,0.8562,0.46297131,0.8397
1722,0.54197459,0.8379,0.53053930,0.8253
1723,0.48840754,0.8541,0.45201704,0.8438
1724,0.57929568,0.8266,0.45065897,0.8423
1725,0.45231210,0.8575,0.51433543,0.8275
1726,0.58892345,0.8307,0.47010403,0.8320
1727,0.52259094,0.8477,0.43585981,0.8493
1728,0.44280334,0.8632,0.43538928,0.8519
1729,0.48857669,0.8459,0.49518915,0.8324
1730,0.54284753,0.8437,0.44150951,0.8480
1731,0.46838431,0.8594,0.43731138,0.8519
1732,0.46318540,0.8545,0.43725416,0.8523
1733,0.50237571,0.8565,0.45727053,0.8454
1734,0.47241225,0.8560,0.47314215,0.8383
1735,0.41043508,0.8658,0.43742525,0.8508
1736,0.63035894,0.8060,0.47700501,0.8326
1737,0.54215502,0.8341,0.43060057,0.8522
1738,0.44799541,0.8616,0.43916851,0.8498
1739,0.49679119,0.8476,0.42908648,0.8534
1740,0.47262326,0.8512,0.45155367,0.8408
1741,0.47693472,0.8511,0.44182911,0.8457
1742,0.49324019,0.8382,0.45966575,0.8365
1743,0.44686463,0.8751,0.50272108,0.8303
1744,0.49405340,0.8447,0.44760047,0.8468
1745,0.41778724,0.8750,0.48487485,0.8388
1746,0.61450874,0.8253,0.43981464,0.8515
1747,0.52216111,0.8332,0.45459183,0.8395
1748,0.44456131,0.8552,0.43986970,0.8500
1749,0.38501196,0.8871,0.51861382,0.8280
1750,0.47945007,0.8576,0.56366194,0.8202
1751,0.47499412,0.8534,0.55001258,0.8222
1752,0.44993745,0.8673,0.44272594,0.8508
1753,0.44779659,0.8693,0.57794760,0.8173
1754,0.55760912,0.8302,0.54359911,0.8230
1755,0.43321657,0.8622,0.43582212,0.8516
1756,0.50780834,0.8509,0.48528412,0.8366
1757,0.50962586,0.8422,0.43346848,0.8501
1758,0.45682346,0.8664,0.43775215,0.8512
1759,0.36004287,0.8877,0.63394678,0.8102
1760,0.55372239,0.8353,0.44008249,0.8480
1761,0.48141055,0.8507,0.50108538,0.8314
1762,0.39446350,0.8796,0.47080701,0.8409
1763,0.43153733,0.8692,0.43809778,0.8501
1764,0.52236801,0.8291,0.43697025,0.8493
1765,0.59273528,0.8241,0.42943155,0.8524
1766,0.38069210,0.8723,0.56156595,0.8219
1767,0.56302366,0.8259,0.43762558,0.8521
1768,0.49935676,0.8582,0.43997189,0.8504
1769,0.71128966,0.8127,0.49786308,0.8304
1770,1.03018728,0.7478,0.45324102,0.8460
1771,0.55370102,0.8317,0.47407383,0.8369
1772,0.60154444,0.8198,0.47637278,0.8369
1773,0.55546831,0.8347,0.45691143,0.8395
1774,0.48777003,0.8627,0.45924846,0.8402
1775,0.51704822,0.8360,0.43701646,0.8488
1776,0.50947157,0.8456,0.46685423,0.8367
1777,0.47797053,0.8492,0.44910909,0.8415
1778,0.40802890,0.8622,0.43918619,0.8488
1779,0.36090468,0.8881,0.50326592,0.8346
1780,0.55751934,0.8356,0.45208712,0.8466
1781,0.49724694,0.8481,0.45059099,0.8444
1782,0.45369352,0.8647,0.43295311,0.8490
1783,0.50458554,0.8476,0.47046479,0.8398
1784,0.47681512,0.8625,0.44669888,0.8479
1785,0.49378418,0.8512,0.46178608,0.8403
1786,0.50312345,0.8397,0.46726150,0.8339
1787,0.59540515,0.8129,0.43081182,0.8521
1788,0.51263573,0.8486,0.46682534,0.8407
1789,0.52055308,0.8367,0.43229886,0.8511
1790,0.47128139,0.8601,0.43754421,0.8453
1791,0.47316165,0.8468,0.42782670,0.8527
1792,0.42453252,0.8658,0.46025743,0.8441
1793,0.37698636,0.8799,0.53228832,0.8292
1794,0.59554705,0.8268,0.48245459,0.8377
1795,0.43945469,0.8607,0.52326923,0.8256
1796,0.58225477,0.8138,0.42673922,0.8529
1797,0.42554141,0.8702,0.43545303,0.8503
1798,0.72599810,0.8086,0.51907028,0.8209
1799,0.40394154,0.8745,0.51802421,0.8231
1800,0.58988790,0.8216,0.46410468,0.8368
1801,0.47581030,0.8526,0.44082464,0.8478
1802,0.67401227,0.8234,0.45022575,0.8459
1803,0.49842299,0.8370,0.42945509,0.8528
1804,0.40429233,0.8788,0.51282946,0.8287
1805,0.41926272,0.8695,0.59024717,0.8151
1806,0.59477767,0.8301,0.43740685,0.8506
1807,0.47117713,0.8495,0.47586000,0.8399
1808,0.47233529,0.8620,0.45270714,0.8411
1809,0.57156548,0.8252,0.45220448,0.8419
1810,0.59979484,0.8294,0.43403593,0.8519
1811,0.51357972,0.8483,0.44463299,0.8491
1812,0.43186084,0.8709,0.47270829,0.8409
1813,0.72977496,0.7787,0.49897148,0.8302
1814,0.68924291,0.8140,0.45707095,0.8420
1815,0.50113417,0.8413,0.45738181,0.8454
1816,0.35942522,0.8779,0.49983534,0.8308
1817,0.59253746,0.8146,0.42808244,0.8519
1818,0.47942876,0.8525,0.43333877,0.8519
1819,0.44635815,0.8584,0.47831256,0.8398
1820,0.53515554,0.8415,0.44742668,0.8476
1821,0.57565891,0.8154,0.43341938,0.8518
1822,0.43873030,0.8618,0.46131348,0.8425
1823,0.57623808,0.8327,0.44152436,0.8430
1824,0.39669058,0.8737,0.52865090,0.8258
1825,0.48069564,0.8618,0.43885891,0.8517
1826,0.56266002,0.8321,0.44361839,0.8444
1827,0.56228345,0.8279,0.43365611,0.8527
1828,0.56801749,0.8405,0.42830943,0.8530
1829,0.57213195,0.8274,0.43623554,0.8488
1830,0.42851358,0.8588,0.43481716,0.8523
1831,0.42254504,0.8653,0.52133417,0.8286
1832,0.53148278,0.8277,0.48114226,0.8374
1833,0.39177306,0.8762,0.44063989,0.8499
1834,0.42607508,0.8669,0.43030080,0.8539
1835,0.42245102,0.8693,0.53506560,0.8237
1836,0.63842964,0.8119,0.42473209,0.8548
1837,0.48034801,0.8530,0.46056746,0.8347
1838,0.52046650,0.8465,0.42315380,0.8537
1839,0.44965879,0.8568,0.42852269,0.8540
1840,0.50551470,0.8363,0.42344965,0.8547
1841,0.40319341,0.8790,0.54755958,0.8258
1842,0.38779590,0.8810,0.56880962,0.8202
1843,0.51469525,0.8443,0.43192764,0.8487
1844,0.39429593,0.8873,0.43247754,0.8501
1845,0.38159609,0.8776,0.55538523,0.8202
1846,0.45945650,0.8615,0.42697684,0.8524
1847,0.36953403,0.8832,0.48940180,0.8332
1848,0.44077559,0.8652,0.43619572,0.8537
1849,0.62530711,0.8256,0.48577289,0.8362
1850,0.56916576,0.8368,0.43797485,0.8507
1851,0.50646486,0.8431,0.43820723,0.8493
1852,0.45351821,0.8452,0.43738243,0.8498
1853,0.46485171,0.8480,0.44339030,0.8511
1854,0.39727503,0.8718,0.42858983,0.8541
1855,0.47467996,0.8507,0.43247329,0.8523
1856,0.47001299,0.8543,0.45299678,0.8463
1857,0.64758837,0.8125,0.45389377,0.8397
1858,0.47545367,0.8482,0.46732915,0.8408
1859,0.49921161,0.8426,0.43357638,0.8513
1860,0.52006203,0.8514,0.43761295,0.8495
1861,0.52190387,0.8418,0.42481252,0.8539
1862,0.67864170,0.8136,0.46935419,0.8394
1863,0.43682012,0.8637,0.43393468,0.8504
1864,0.45974522,0.8587,0.44982963,0.8452
1865,0.54336690,0.8394,0.42475006,0.8527
1866,0.39875654,0.8692,0.53464795,0.8231
1867,0.46664659,0.8515,0.43410135,0.8477
1868,0.40247192,0.8699,0.42636483,0.8547
1869,0.41554799,0.8728,0.43153259,0.8505
1870,0.41627642,0.8654,0.42635460,0.8543
1871,0.59802303,0.8284,0.42396538,0.8548
1872,0.49330483,0.8570,0.42324215,0.8549
1873,0.44624740,0.8602,0.61761486,0.8093
1874,0.44829195,0.8523,0.44260239,0.8490
1875,0.42481691,0.8629,0.43837460,0.8474
1876,0.42789560,0.8609,0.48946673,0.8369
1877,0.44849471,0.8531,0.48047571,0.8363
1878,0.54873658,0.8387,0.47252916,0.8367
1879,0.33310927,0.8945,0.65335154,0.8066
1880,0.51967421,0.8511,0.46183078,0.8407
1881,0.45211119,0.8505,0.42892646,0.8538
1882,0.44194885,0.8694,0.43384117,0.8522
1883,0.43807738,0.8738,0.46907098,0.8415
1884,0.47600423,0.8539,0.45407201,0.8464
1885,0.47978367,0.8495,0.47391440,0.8409
1886,0.47849231,0.8611,0.44850808,0.8488
1887,0.53272445,0.8423,0.43893376,0.8514
1888,0.41708742,0.8785,0.58969666,0.8174
1889,0.54008853,0.8437,0.48137088,0.8333
1890,0.77846259,0.7930,0.54566530,0.8165
1891,0.63369628,0.8222,0.46297035,0.8426
1892,0.38215012,0.8751,0.45148542,0.8474
1893,0.48608260,0.8563,0.43178668,0.8520
1894,0.42613155,0.8717,0.44957346,0.8499
1895,0.55673653,0.8176,0.43595704,0.8488
1896,0.56732172,0.8232,0.43225662,0.8514
1897,0.56412567,0.8378,0.42407201,0.8548
1898,0.55815341,0.8330,0.44628030,0.8452
1899,0.42603580,0.8660,0.42151701,0.8553
1900,0.53323967,0.8411,0.47393640,0.8391
1901,0.46005875,0.8764,0.59672541,0.8154
1902,0.51107351,0.8404,0.42369482,0.8542
1903,0.45972830,0.8559,0.44981441,0.8489
1904,0.58635996,0.8344,0.49974768,0.8336
1905,0.65290946,0.8224,0.53854956,0.8249
1906,0.43315482,0.8720,0.43651254,0.8518
1907,0.61639158,0.8177,0.42699014,0.8554
1908,0.54418422,0.8445,0.45408776,0.8461
1909,0.51034622,0.8446,0.43399819,0.8510
1910,0.44556780,0.8682,0.47561365,0.8403
1911,0.48225115,0.8571,0.48790850,0.8360
1912,0.52567545,0.8530,0.45278300,0.8457
1913,0.52891843,0.8423,0.44512832,0.8480
1914,0.34599499,0.8971,0.65025224,0.8062
1915,0.59507829,0.8285,0.56300544,0.8200
1916,0.44572606,0.8679,0.59594676,0.8157
1917,0.41598908,0.8686,0.46547249,0.8397
1918,0.43904646,0.8590,0.52327362,0.8292
1919,0.61510249,0.8158,0.42457221,0.8553
1920,0.57868235,0.8320,0.51122758,0.8299
1921,0.43888745,0.8651,0.43936607,0.8515
1922,0.48500797,0.8558,0.43582942,0.8522
1923,0.48450610,0.8559,0.43334939,0.8523
1924,0.44019027,0.8671,0.45952147,0.8427
1925,0.46053012,0.8578,0.49185538,0.8368
1926,0.60001708,0.8206,0.45165586,0.8461
1927,0.47788164,0.8531,0.51131128,0.8278
1928,0.49943450,0.8395,0.43357667,0.8525
1929,0.65504670,0.7974,0.49976984,0.8328
1930,0.53550786,0.8319,0.42437431,0.8534
1931,0.49354056,0.8344,0.42630057,0.8511
1932,0.45217416,0.8564,0.42737450,0.8515
1933,0.46307486,0.8531,0.42875076,0.8513
1934,0.51660697,0.8362,0.46125138,0.8425
1935,0.47205708,0.8550,0.45111532,0.8452
1936,0.47740537,0.8434,0.44452958,0.8472
1937,0.42713897,0.8638,0.45764817,0.8422
1938,0.39973109,0.8769,0.46707706,0.8415
1939,0.43718860,0.8685,0.42593693,0.8531
1940,0.42731410,0.8638,0.44033087,0.8477
1941,0.42594623,0.8577,0.43433705,0.8506
1942,0.42677029,0.8604,0.44116058,0.8474
1943,0.50334015,0.8524,0.59026052,0.8172
1944,0.45332872,0.8595,0.42348287,0.8529
1945,0.41220151,0.8635,0.42356025,0.8547
1946,0.36727990,0.8785,0.43610918,0.8524
1947,0.42148259,0.8641,0.42684231,0.8550
1948,0.39118721,0.8796,0.48758621,0.8409
1949,0.59964011,0.8270,0.43744679,0.8476
1950,0.53307036,0.8340,0.42410333,0.8533
1951,0.49223899,0.8480,0.42389913,0.8517
1952,0.45970867,0.8653,0.44024957,0.8478
1953,0.51243374,0.8406,0.42050890,0.8545
1954,0.40093340,0.8747,0.56472883,0.8209
1955,0.43576296,0.8616,0.42549455,0.8534
1956,0.42319999,0.8730,0.46430359,0.8436
1957,0.42749288,0.8592,0.44150088,0.8477
1958,0.45170214,0.8667,0.44610377,0.8485
1959,0.52258020,0.8486,0.55731810,0.8224
1960,0.43615288,0.8685,0.54407053,0.8285
1961,0.50751824,0.8459,0.45435116,0.8365
1962,0.38115934,0.8706,0.48002794,0.8363
1963,0.35845590,0.8811,0.46722725,0.8406
1964,0.41192204,0.8738,0.50857160,0.8318
1965,0.53857342,0.8454,0.42976263,0.8507
1966,0.45661680,0.8638,0.50835557,0.8329
1967,0.42033152,0.8728,0.43248171,0.8496
1968,0.57077168,0.8172,0.45364146,0.8438
1969,0.52387407,0.8376,0.43003105,0.8510
1970,0.42397453,0.8628,0.44111934,0.8482
1971,0.41535258,0.8794,0.45682066,0.8419
1972,0.75307759,0.7773,0.48561694,0.8276
1973,0.58766555,0.8306,0.45435819,0.8364
1974,0.43988751,0.8614,0.48296086,0.8348
1975,0.50146843,0.8521,0.45919022,0.8425
1976,0.49421498,0.8645,0.59285488,0.8154
1977,0.45610316,0.8719,0.53615027,0.8229
1978,0.56604998,0.8297,0.42202484,0.8533
1979,0.42046388,0.8716,0.46847211,0.8425
1980,0.44685944,0.8596,0.42440658,0.8549
1981,0.44127667,0.8569,0.49589940,0.8360
1982,0.70562673,0.8258,0.52552732,0.8235
1983,0.41592884,0.8736,0.44280604,0.8495
1984,0.50003551,0.8412,0.48528657,0.8388
1985,0.43639996,0.8712,0.58190057,0.8194
1986,0.48137347,0.8448,0.59985639,0.8164
1987,0.52471322,0.8429,0.51341218,0.8297
1988,0.54850557,0.8300,0.48268437,0.8373
1989,0.51721916,0.8534,0.42542032,0.8546
1990,0.41538503,0.8602,0.42573478,0.8527
1991,0.38031798,0.8830,0.42544816,0.8538
1992,0.55791258,0.8226,0.42255667,0.8548
1993,0.41942087,0.8491,0.42752772,0.8525
1994,0.55403512,0.8320,0.48775335,0.8304
1995,0.41461024,0.8662,0.49139782,0.8383
1996,0.42585978,0.8605,0.43038848,0.8521
1997,0.47697417,0.8543,0.49005096,0.8352
1998,0.41286208,0.8818,0.44596663,0.8487
1999,0.61450205,0.8310,0.43524826,0.8480
